0 Name: NEW.DAT
0 Author: Ben Vaughan
 1 16 0 0 0 1 0 0 0 0.97 -0.26 0 0.26 0.97 as_sault.dat
 1 16 556.88 -189.42 738.14 0.97 -0.22 0.06 0.22 0.94 -0.25 0 0.26 0.97 as_sault.dat
 1 16 -127.23 -446.29 133.12 0.95 -0.29 0.11 0.31 0.89 -0.34 0 0.36 0.93 as_sault.dat
 1 16 -728.23 53.53 277.74 0.82 0.54 0.20 -0.57 0.77 0.28 0 -0.34 0.94 es_cort.dat
 1 16 -644.04 -273.63 -252.40 0.95 0.31 0.10 -0.33 0.90 0.29 0 -0.31 0.95 es_cort.dat
 1 16 -735.87 -568.09 -481.77 0.82 0.50 0.29 -0.57 0.71 0.41 0 -0.50 0.87 es_cort.dat
 1 16 1380.18 -861.02 1211.84 0.97 0.22 -0.13 -0.26 0.84 -0.48 0 0.50 0.87 bandit.dat
 1 16 814.85 -1467.19 1480.93 0.91 0.40 -0.14 -0.42 0.86 -0.30 0 0.33 0.95 bandit.dat
0
