0 Untitled
0 Name: shldrcap.dat
0 Author: MLCad
0 Unofficial Model
0 ROTATION CENTER 0 0 0 1 "Custom"
0 ROTATION CONFIG 0 1
0 Tile  1 x  4

0 Official LCad update 98-10

2 8 24 8 0 24 8 2
2 8 24 8 2 23 8 3
2 8 23 8 3 22 8 4
2 8 22 8 4 20 8 4
2 8 20 8 4 18 8 4
2 8 18 8 4 17 8 3
2 8 17 8 3 16 8 2
2 8 16 8 2 16 8 0
2 8 16 8 0 16 8 -2
2 8 16 8 -2 17 8 -3
2 8 17 8 -3 18 8 -4
2 8 18 8 -4 20 8 -4
2 8 20 8 -4 22 8 -4
2 8 22 8 -4 23 8 -3
2 8 23 8 -3 24 8 -2
2 8 24 8 -2 24 8 0

0 Official LCad update 98-10

2 8 24 4 0 24 4 2
2 8 24 4 2 23 4 3
2 8 23 4 3 22 4 4
2 8 22 4 4 20 4 4
2 8 20 4 4 18 4 4
2 8 18 4 4 17 4 3
2 8 17 4 3 16 4 2
2 8 16 4 2 16 4 0
2 8 16 4 0 16 4 -2
2 8 16 4 -2 17 4 -3
2 8 17 4 -3 18 4 -4
2 8 18 4 -4 20 4 -4
2 8 20 4 -4 22 4 -4
2 8 22 4 -4 23 4 -3
2 8 23 4 -3 24 4 -2
2 8 24 4 -2 24 4 0

0 Disc
0 Official LCad update 98-10

3 7 20 8 0 24 8 0 24 8 2
3 7 20 8 0 24 8 2 23 8 3
3 7 20 8 0 23 8 3 22 8 4
3 7 20 8 0 22 8 4 20 8 4
3 7 20 8 0 20 8 4 18 8 4
3 7 20 8 0 18 8 4 17 8 3
3 7 20 8 0 17 8 3 16 8 2
3 7 20 8 0 16 8 2 16 8 0
3 7 20 8 0 16 8 0 16 8 -2
3 7 20 8 0 16 8 -2 17 8 -3
3 7 20 8 0 17 8 -3 18 8 -4
3 7 20 8 0 18 8 -4 20 8 -4
3 7 20 8 0 20 8 -4 22 8 -4
3 7 20 8 0 22 8 -4 23 8 -3
3 7 20 8 0 23 8 -3 24 8 -2
3 7 20 8 0 24 8 -2 24 8 0

0 Official LCad update 98-10

4 7 24 8 0 24 8 2 24 4 2 24 4 0
5 8 24 8 0 24 4 0 24 8 2 24 8 -2
4 7 24 8 2 23 8 3 23 4 3 24 4 2
5 8 24 8 2 24 4 2 23 8 3 24 8 0
4 7 23 8 3 22 8 4 22 4 4 23 4 3
5 8 23 8 3 23 4 3 22 8 4 24 8 2
4 7 22 8 4 20 8 4 20 4 4 22 4 4
5 8 22 8 4 22 4 4 20 8 4 23 8 3
4 7 20 8 4 18 8 4 18 4 4 20 4 4
5 8 20 8 4 20 4 4 18 8 4 22 8 4
4 7 18 8 4 17 8 3 17 4 3 18 4 4
5 8 18 8 4 18 4 4 17 8 3 20 8 4
4 7 17 8 3 16 8 2 16 4 2 17 4 3
5 8 17 8 3 17 4 3 16 8 2 18 8 4
4 7 16 8 2 16 8 0 16 4 0 16 4 2
5 8 16 8 2 16 4 2 16 8 0 17 8 3
4 7 16 8 0 16 8 -2 16 4 -2 16 4 0
5 8 16 8 0 16 4 0 16 8 -2 16 8 2
4 7 16 8 -2 17 8 -3 17 4 -3 16 4 -2
5 8 16 8 -2 16 4 -2 17 8 -3 16 8 0
4 7 17 8 -3 18 8 -4 18 4 -4 17 4 -3
5 8 17 8 -3 17 4 -3 18 8 -4 16 8 -2
4 7 18 8 -4 20 8 -4 20 4 -4 18 4 -4
5 8 18 8 -4 18 4 -4 20 8 -4 17 8 -3
4 7 20 8 -4 22 8 -4 22 4 -4 20 4 -4
5 8 20 8 -4 20 4 -4 22 8 -4 18 8 -4
4 7 22 8 -4 23 8 -3 23 4 -3 22 4 -4
5 8 22 8 -4 22 4 -4 23 8 -3 20 8 -4
4 7 23 8 -3 24 8 -2 24 4 -2 23 4 -3
5 8 23 8 -3 23 4 -3 24 8 -2 22 8 -4
4 7 24 8 -2 24 8 0 24 4 0 24 4 -2
5 8 24 8 -2 24 4 -2 24 8 0 23 8 -3


0 Official LCad update 98-10

2 8 4 8 0 4 8 2
2 8 4 8 2 3 8 3
2 8 3 8 3 2 8 4
2 8 2 8 4 0 8 4
2 8 0 8 4 -2 8 4
2 8 -2 8 4 -3 8 3
2 8 -3 8 3 -4 8 2
2 8 -4 8 2 -4 8 0
2 8 -4 8 0 -4 8 -2
2 8 -4 8 -2 -3 8 -3
2 8 -3 8 -3 -2 8 -4
2 8 -2 8 -4 0 8 -4
2 8 0 8 -4 2 8 -4
2 8 2 8 -4 3 8 -3
2 8 3 8 -3 4 8 -2
2 8 4 8 -2 4 8 0

0 Official LCad update 98-10

2 8 4 4 0 4 4 2
2 8 4 4 2 3 4 3
2 8 3 4 3 2 4 4
2 8 2 4 4 0 4 4
2 8 0 4 4 -2 4 4
2 8 -2 4 4 -3 4 3
2 8 -3 4 3 -4 4 2
2 8 -4 4 2 -4 4 0
2 8 -4 4 0 -4 4 -2
2 8 -4 4 -2 -3 4 -3
2 8 -3 4 -3 -2 4 -4
2 8 -2 4 -4 0 4 -4
2 8 0 4 -4 2 4 -4
2 8 2 4 -4 3 4 -3
2 8 3 4 -3 4 4 -2
2 8 4 4 -2 4 4 0

0 Disc
0 Official LCad update 98-10

3 7 0 8 0 4 8 0 4 8 2
3 7 0 8 0 4 8 2 3 8 3
3 7 0 8 0 3 8 3 2 8 4
3 7 0 8 0 2 8 4 0 8 4
3 7 0 8 0 0 8 4 -2 8 4
3 7 0 8 0 -2 8 4 -3 8 3
3 7 0 8 0 -3 8 3 -4 8 2
3 7 0 8 0 -4 8 2 -4 8 0
3 7 0 8 0 -4 8 0 -4 8 -2
3 7 0 8 0 -4 8 -2 -3 8 -3
3 7 0 8 0 -3 8 -3 -2 8 -4
3 7 0 8 0 -2 8 -4 0 8 -4
3 7 0 8 0 0 8 -4 2 8 -4
3 7 0 8 0 2 8 -4 3 8 -3
3 7 0 8 0 3 8 -3 4 8 -2
3 7 0 8 0 4 8 -2 4 8 0

0 Official LCad update 98-10

4 7 4 8 0 4 8 2 4 4 2 4 4 0
5 8 4 8 0 4 4 0 4 8 2 4 8 -2
4 7 4 8 2 3 8 3 3 4 3 4 4 2
5 8 4 8 2 4 4 2 3 8 3 4 8 0
4 7 3 8 3 2 8 4 2 4 4 3 4 3
5 8 3 8 3 3 4 3 2 8 4 4 8 2
4 7 2 8 4 0 8 4 0 4 4 2 4 4
5 8 2 8 4 2 4 4 0 8 4 3 8 3
4 7 0 8 4 -2 8 4 -2 4 4 0 4 4
5 8 0 8 4 0 4 4 -2 8 4 2 8 4
4 7 -2 8 4 -3 8 3 -3 4 3 -2 4 4
5 8 -2 8 4 -2 4 4 -3 8 3 0 8 4
4 7 -3 8 3 -4 8 2 -4 4 2 -3 4 3
5 8 -3 8 3 -3 4 3 -4 8 2 -2 8 4
4 7 -4 8 2 -4 8 0 -4 4 0 -4 4 2
5 8 -4 8 2 -4 4 2 -4 8 0 -3 8 3
4 7 -4 8 0 -4 8 -2 -4 4 -2 -4 4 0
5 8 -4 8 0 -4 4 0 -4 8 -2 -4 8 2
4 7 -4 8 -2 -3 8 -3 -3 4 -3 -4 4 -2
5 8 -4 8 -2 -4 4 -2 -3 8 -3 -4 8 0
4 7 -3 8 -3 -2 8 -4 -2 4 -4 -3 4 -3
5 8 -3 8 -3 -3 4 -3 -2 8 -4 -4 8 -2
4 7 -2 8 -4 0 8 -4 0 4 -4 -2 4 -4
5 8 -2 8 -4 -2 4 -4 0 8 -4 -3 8 -3
4 7 0 8 -4 2 8 -4 2 4 -4 0 4 -4
5 8 0 8 -4 0 4 -4 2 8 -4 -2 8 -4
4 7 2 8 -4 3 8 -3 3 4 -3 2 4 -4
5 8 2 8 -4 2 4 -4 3 8 -3 0 8 -4
4 7 3 8 -3 4 8 -2 4 4 -2 3 4 -3
5 8 3 8 -3 3 4 -3 4 8 -2 2 8 -4
4 7 4 8 -2 4 8 0 4 4 0 4 4 -2
5 8 4 8 -2 4 4 -2 4 8 0 3 8 -3


0 Official LCad update 98-10

2 8 -16 8 0 -16 8 2
2 8 -16 8 2 -17 8 3
2 8 -17 8 3 -18 8 4
2 8 -18 8 4 -20 8 4
2 8 -20 8 4 -22 8 4
2 8 -22 8 4 -23 8 3
2 8 -23 8 3 -24 8 2
2 8 -24 8 2 -24 8 0
2 8 -24 8 0 -24 8 -2
2 8 -24 8 -2 -23 8 -3
2 8 -23 8 -3 -22 8 -4
2 8 -22 8 -4 -20 8 -4
2 8 -20 8 -4 -18 8 -4
2 8 -18 8 -4 -17 8 -3
2 8 -17 8 -3 -16 8 -2
2 8 -16 8 -2 -16 8 0

0 Official LCad update 98-10

2 8 -16 4 0 -16 4 2
2 8 -16 4 2 -17 4 3
2 8 -17 4 3 -18 4 4
2 8 -18 4 4 -20 4 4
2 8 -20 4 4 -22 4 4
2 8 -22 4 4 -23 4 3
2 8 -23 4 3 -24 4 2
2 8 -24 4 2 -24 4 0
2 8 -24 4 0 -24 4 -2
2 8 -24 4 -2 -23 4 -3
2 8 -23 4 -3 -22 4 -4
2 8 -22 4 -4 -20 4 -4
2 8 -20 4 -4 -18 4 -4
2 8 -18 4 -4 -17 4 -3
2 8 -17 4 -3 -16 4 -2
2 8 -16 4 -2 -16 4 0

0 Disc
0 Official LCad update 98-10

3 7 -20 8 0 -16 8 0 -16 8 2
3 7 -20 8 0 -16 8 2 -17 8 3
3 7 -20 8 0 -17 8 3 -18 8 4
3 7 -20 8 0 -18 8 4 -20 8 4
3 7 -20 8 0 -20 8 4 -22 8 4
3 7 -20 8 0 -22 8 4 -23 8 3
3 7 -20 8 0 -23 8 3 -24 8 2
3 7 -20 8 0 -24 8 2 -24 8 0
3 7 -20 8 0 -24 8 0 -24 8 -2
3 7 -20 8 0 -24 8 -2 -23 8 -3
3 7 -20 8 0 -23 8 -3 -22 8 -4
3 7 -20 8 0 -22 8 -4 -20 8 -4
3 7 -20 8 0 -20 8 -4 -18 8 -4
3 7 -20 8 0 -18 8 -4 -17 8 -3
3 7 -20 8 0 -17 8 -3 -16 8 -2
3 7 -20 8 0 -16 8 -2 -16 8 0

0 Official LCad update 98-10

4 7 -16 8 0 -16 8 2 -16 4 2 -16 4 0
5 8 -16 8 0 -16 4 0 -16 8 2 -16 8 -2
4 7 -16 8 2 -17 8 3 -17 4 3 -16 4 2
5 8 -16 8 2 -16 4 2 -17 8 3 -16 8 0
4 7 -17 8 3 -18 8 4 -18 4 4 -17 4 3
5 8 -17 8 3 -17 4 3 -18 8 4 -16 8 2
4 7 -18 8 4 -20 8 4 -20 4 4 -18 4 4
5 8 -18 8 4 -18 4 4 -20 8 4 -17 8 3
4 7 -20 8 4 -22 8 4 -22 4 4 -20 4 4
5 8 -20 8 4 -20 4 4 -22 8 4 -18 8 4
4 7 -22 8 4 -23 8 3 -23 4 3 -22 4 4
5 8 -22 8 4 -22 4 4 -23 8 3 -20 8 4
4 7 -23 8 3 -24 8 2 -24 4 2 -23 4 3
5 8 -23 8 3 -23 4 3 -24 8 2 -22 8 4
4 7 -24 8 2 -24 8 0 -24 4 0 -24 4 2
5 8 -24 8 2 -24 4 2 -24 8 0 -23 8 3
4 7 -24 8 0 -24 8 -2 -24 4 -2 -24 4 0
5 8 -24 8 0 -24 4 0 -24 8 -2 -24 8 2
4 7 -24 8 -2 -23 8 -3 -23 4 -3 -24 4 -2
5 8 -24 8 -2 -24 4 -2 -23 8 -3 -24 8 0
4 7 -23 8 -3 -22 8 -4 -22 4 -4 -23 4 -3
5 8 -23 8 -3 -23 4 -3 -22 8 -4 -24 8 -2
4 7 -22 8 -4 -20 8 -4 -20 4 -4 -22 4 -4
5 8 -22 8 -4 -22 4 -4 -20 8 -4 -23 8 -3
4 7 -20 8 -4 -18 8 -4 -18 4 -4 -20 4 -4
5 8 -20 8 -4 -20 4 -4 -18 8 -4 -22 8 -4
4 7 -18 8 -4 -17 8 -3 -17 4 -3 -18 4 -4
5 8 -18 8 -4 -18 4 -4 -17 8 -3 -20 8 -4
4 7 -17 8 -3 -16 8 -2 -16 4 -2 -17 4 -3
5 8 -17 8 -3 -17 4 -3 -16 8 -2 -18 8 -4
4 7 -16 8 -2 -16 8 0 -16 4 0 -16 4 -2
5 8 -16 8 -2 -16 4 -2 -16 8 0 -17 8 -3



2 8 36 4 6 -36 4 6
2 8 -36 4 6 -36 4 -6
2 8 -36 4 -6 36 4 -6
2 8 36 4 -6 36 4 6
2 8 36 8 6 -36 8 6
2 8 -36 8 6 -36 8 -6
2 8 -36 8 -6 36 8 -6
2 8 36 8 -6 36 8 6
2 8 36 8 6 36 4 6
2 8 -36 8 6 -36 4 6
2 8 36 8 -6 36 4 -6
2 8 -36 8 -6 -36 4 -6
4 7 36 4 6 36 4 -6 -36 4 -6 -36 4 6
4 7 36 4 6 36 8 6 -36 8 6 -36 4 6
4 7 -36 4 6 -36 8 6 -36 8 -6 -36 4 -6
4 7 -36 4 -6 -36 8 -6 36 8 -6 36 4 -6
4 7 36 4 -6 36 8 -6 36 8 6 36 4 6


4 7 40 8 10 36 8 6 -36 8 6 -40 8 10
4 7 -40 8 10 -36 8 6 -36 8 -6 -40 8 -10
4 7 -40 8 -10 -36 8 -6 36 8 -6 40 8 -10
4 7 40 8 -10 36 8 -6 36 8 6 40 8 10

2 8 40 0 10 -40 0 10
2 8 -40 0 10 -40 0 -10
2 8 -40 0 -10 40 0 -10
2 8 40 0 -10 40 0 10
2 8 40 8 10 -40 8 10
2 8 -40 8 10 -40 8 -10
2 8 -40 8 -10 40 8 -10
2 8 40 8 -10 40 8 10
2 8 40 8 10 40 0 10
2 8 -40 8 10 -40 0 10
2 8 40 8 -10 40 0 -10
2 8 -40 8 -10 -40 0 -10
4 7 40 0 10 40 0 -10 -40 0 -10 -40 0 10
4 7 40 0 10 40 8 10 -40 8 10 -40 0 10
4 7 -40 0 10 -40 8 10 -40 8 -10 -40 0 -10
4 7 -40 0 -10 -40 8 -10 40 8 -10 40 0 -10
4 7 40 0 -10 40 8 -10 40 8 10 40 0 10


0
