0 
0 Name: 
0 Author: 
1 0 0 0 80 0 0 -1 0 1 0 1 0 0 3660.DAT
1 0 0 0 120 0 0 -1 0 1 0 1 0 0 3660.DAT
1 0 0 0 160 0 0 -1 0 1 0 1 0 0 3660.DAT
1 0 0 0 200 0 0 -1 0 1 0 1 0 0 3660.DAT
1 0 0 0 240 0 0 -1 0 1 0 1 0 0 3660.DAT
1 0 0 0 240 0 0 -1 0 1 0 1 0 0 3660.DAT
1 0 0 0 280 0 0 -1 0 1 0 1 0 0 3660.DAT
1 0 0 0 280 0 0 -1 0 1 0 1 0 0 3660.DAT
1 0 0 0 320 0 0 -1 0 1 0 1 0 0 3660.DAT
1 0 0 0 360 0 0 -1 0 1 0 1 0 0 3660.DAT
1 0 0 0 40 0 0 -1 0 1 0 1 0 0 3660.DAT
1 0 0 0 0 0 0 -1 0 1 0 1 0 0 3660.DAT
1 0 0 0 -30 1 0 0 0 1 0 0 0 1 3676.DAT
1 0 0 0 390 0 0 -1 0 1 0 1 0 0 3676.DAT
1 0 -110 24 340 1 0 0 0 1 0 0 0 1 3028.DAT
1 0 -110 24 220 1 0 0 0 1 0 0 0 1 3028.DAT
1 0 -110 24 100 1 0 0 0 1 0 0 0 1 3028.DAT
1 0 -110 24 0 1 0 0 0 1 0 0 0 1 3029.DAT
1 0 -30 0 -30 1 0 0 0 1 0 0 0 1 3660.DAT
1 0 -70 0 -30 1 0 0 0 1 0 0 0 1 3660.DAT
1 0 -110 0 -30 1 0 0 0 1 0 0 0 1 3660.DAT
1 0 -150 0 -30 1 0 0 0 1 0 0 0 1 3660.DAT
1 0 -190 0 -30 1 0 0 0 1 0 0 0 1 3660.DAT
1 0 -220 0 -30 0 0 1 0 1 0 -1 0 0 3676.DAT
1 0 -220 0 80 0 0 1 0 1 0 -1 0 0 3660.DAT
1 0 -220 0 0 0 0 1 0 1 0 -1 0 0 3660.DAT
1 0 -220 0 40 0 0 1 0 1 0 -1 0 0 3660.DAT
1 0 -220 0 120 0 0 1 0 1 0 -1 0 0 3660.DAT
1 0 -220 0 160 0 0 1 0 1 0 -1 0 0 3660.DAT
1 0 -220 0 200 0 0 1 0 1 0 -1 0 0 3660.DAT
1 0 -220 0 240 0 0 1 0 1 0 -1 0 0 3660.DAT
1 0 -220 0 280 0 0 1 0 1 0 -1 0 0 3660.DAT
1 0 -220 0 320 0 0 1 0 1 0 -1 0 0 3660.DAT
1 0 -220 0 360 0 0 1 0 1 0 -1 0 0 3660.DAT
1 0 -190 0 390 -1 0 0 0 1 0 0 0 -1 3660.DAT
1 0 -150 0 390 -1 0 0 0 1 0 0 0 -1 3660.DAT
1 0 -110 0 390 -1 0 0 0 1 0 0 0 -1 3660.DAT
1 0 -70 0 390 -1 0 0 0 1 0 0 0 -1 3660.DAT
1 0 -30 0 390 -1 0 0 0 1 0 0 0 -1 3660.DAT
1 0 -220 0 390 -1 0 0 0 1 0 0 0 -1 3676.DAT
1 0 -240 -24 410 -1 0 0 0 1 0 0 0 -1 3676.DAT
1 0 -240 -24 -50 0 0 1 0 1 0 -1 0 0 3676.DAT
1 0 20 -24 -50 1 0 0 0 1 0 0 0 1 3676.DAT
1 0 20 -24 410 0 0 -1 0 1 0 1 0 0 3676.DAT
1 0 -10 -24 410 -1 0 0 0 1 0 0 0 -1 3660.DAT
1 0 -50 -24 410 -1 0 0 0 1 0 0 0 -1 3660.DAT
1 0 -90 -24 410 -1 0 0 0 1 0 0 0 -1 3660.DAT
1 0 -130 -24 410 -1 0 0 0 1 0 0 0 -1 3660.DAT
1 0 -170 -24 410 -1 0 0 0 1 0 0 0 -1 3660.DAT
1 0 -210 -24 410 -1 0 0 0 1 0 0 0 -1 3660.DAT
1 0 -240 -24 380 0 0 1 0 1 0 -1 0 0 3660.DAT
1 0 -240 -24 340 0 0 1 0 1 0 -1 0 0 3660.DAT
1 0 -240 -24 300 0 0 1 0 1 0 -1 0 0 3660.DAT
1 0 -240 -24 260 0 0 1 0 1 0 -1 0 0 3660.DAT
1 0 -240 -24 220 0 0 1 0 1 0 -1 0 0 3660.DAT
1 0 -240 -24 180 0 0 1 0 1 0 -1 0 0 3660.DAT
1 0 -240 -24 140 0 0 1 0 1 0 -1 0 0 3660.DAT
1 0 -240 -24 100 0 0 1 0 1 0 -1 0 0 3660.DAT
1 0 -240 -24 60 0 0 1 0 1 0 -1 0 0 3660.DAT
1 0 -240 -24 20 0 0 1 0 1 0 -1 0 0 3660.DAT
1 0 -240 -24 -20 0 0 1 0 1 0 -1 0 0 3660.DAT
1 0 -210 -24 -50 1 0 0 0 1 0 0 0 1 3660.DAT
1 0 -170 -24 -50 1 0 0 0 1 0 0 0 1 3660.DAT
1 0 -130 -24 -50 1 0 0 0 1 0 0 0 1 3660.DAT
1 0 -90 -24 -50 1 0 0 0 1 0 0 0 1 3660.DAT
1 0 -50 -24 -50 1 0 0 0 1 0 0 0 1 3660.DAT
1 0 -10 -24 -50 1 0 0 0 1 0 0 0 1 3660.DAT
1 0 20 -24 60 0 0 -1 0 1 0 1 0 0 3660.DAT
1 0 20 -24 20 0 0 -1 0 1 0 1 0 0 3660.DAT
1 0 20 -24 -20 0 0 -1 0 1 0 1 0 0 3660.DAT
1 0 20 -24 100 0 0 -1 0 1 0 1 0 0 3660.DAT
1 0 20 -24 140 0 0 -1 0 1 0 1 0 0 3660.DAT
1 0 20 -24 180 0 0 -1 0 1 0 1 0 0 3660.DAT
1 0 20 -24 220 0 0 -1 0 1 0 1 0 0 3660.DAT
1 0 20 -24 260 0 0 -1 0 1 0 1 0 0 3660.DAT
1 0 20 -24 300 0 0 -1 0 1 0 1 0 0 3660.DAT
1 0 20 -24 340 0 0 -1 0 1 0 1 0 0 3660.DAT
1 0 20 -24 380 0 0 -1 0 1 0 1 0 0 3660.DAT
1 0 -250 -32 320 1 0 0 0 1 0 0 0 1 lftbaffe.dat
1 0 30 -32 320 1 0 0 0 1 0 0 0 1 rtbaffel.dat
0