0 Untitled
0 Name: copperhead_full_inline_backup.dat
0 Author: MLCad
0 Unofficial Model
0 WRITE Waist
0 ROTATION CENTER -61.8194 0.238515 -38.7938 1 "Custom"
0 ROTATION CONFIG 1 1
0 Untitled
0 Name: copheel.dat
0 Author: MLCad
0 Unofficial Model
0 ROTATION CENTER 0 0 0 1 "Custom"
0 ROTATION CONFIG 0 1
1 4 -121 252 6 -1 0 0 0 1 0 0 0 -1 4073.DAT
1 4 -141 252 11 -1 0 0 0 1 0 0 0 -1 4073.DAT
1 4 -160 253 15 -1 0 0 0 1 0 0 0 -1 4073.DAT
1 4 -180 253 20 -1 0 0 0 1 0 0 0 -1 4073.DAT
1 4 -184 253 0 -1 0 0 0 1 0 0 0 -1 4073.DAT
1 4 -165 253 -4 -1 0 0 0 1 0 0 0 -1 4073.DAT
1 4 -145 252 -9 -1 0 0 0 1 0 0 0 -1 4073.DAT
1 4 -126 252 -13 -1 0 0 0 1 0 0 0 -1 4073.DAT
0 STEP
1 7 -153 245 3 -1 0 0 0 1 0 0 0 -1 3020.DAT
1 7 -153 237 3 -1 0 0 0 1 0 0 0 -1 3020.DAT
0 STEP
1 7 -141 212 11 0 0 -1 0 1 0 1 0 0 3040.DAT
1 7 -161 213 15 0 0 1 0 1 0 -1 0 0 3040.DAT
0 ROTSTEP 4.73684 138.735 0 ABS
0 STEP
1 7 -156 213 -6 -1 0 0 0 1 0 0 0 -1 3700.DAT
1 7 -153 205 3 -1 0 0 0 1 0 0 0 -1 3068.DAT
1 7 -126 228 -13 -1 0 0 0 1 0 0 0 -1 3070.DAT
1 7 -185 229 0 -1 0 0 0 1 0 0 0 -1 3070.DAT
1 0 -158 223 -16 0 0 -1 0 1 0 1 0 0 4459.DAT
0 STEP
0 ROTSTEP END
0
0 Untitled
0 Name: copanklebase.dat
0 Author: MLCad
0 Unofficial Model
0 ROTATION CENTER 0 0 0 1 "Custom"
0 ROTATION CONFIG 0 1
1 7 -165 244 -35 0 0 1 0 1 0 -1 0 0 3023.DAT
1 7 -164 237 -45 0 0 1 0 1 0 -1 0 0 3024.DAT
0 STEP
1 7 -163 236 -25 -1 0 0 0 1 0 0 0 -1 3623.DAT
1 7 -177 208 -26 -1 0 0 0 1 0 0 0 -1 3005.DAT
1 7 -138 217 -27 -1 0 0 0 1 0 0 0 -1 3005.DAT
0 STEP
1 7 -158 212 -26 -1 0 0 0 1 0 0 0 -1 6541.DAT
0 STEP
1 7 -159 213 -46 -1 0 0 0 1 0 0 0 -1 6541.DAT
0 STEP
1 7 -157 205 -37 0 0 -1 0 1 0 1 0 0 30383.DAT
1 7 -155 198 -47 0 0 -1 0 1 0 1 0 0 3070.DAT
0 STEP
0
0 Copperhead Toe Top
0 Name: coptoetop.dat
0 Author: MLCad
0 Unofficial Model
0 ROTATION CENTER 0 0 0 1 "Custom"
0 ROTATION CONFIG 0 1
1 7 -163 238 -75 1 0 0 0 1 0 0 0 1 3022.DAT
1 7 -169 213 -86 0 0 1 0 1 0 -1 0 0 6541.DAT
0 STEP
1 7 -149 217 -87 0 0 1 0 1 0 -1 0 0 6541.DAT
0 STEP
0 ROTSTEP 3.55263 140.87 0 ABS
1 7 -158 214 -66 -1 0 0 0 1 0 0 0 -1 3700.DAT
1 0 -159 224 -56 0 0 -1 0 1 0 1 0 0 4459.DAT
0 STEP
1 7 -153 191 -68 1 0 0 0 1 0 0 0 1 3039.DAT
1 7 -151 183 -68 1 0 0 0 1 0 0 0 1 3069.DAT
0 ROTSTEP END
0 STEP
0
0 copperhead toetip
0 ROTATION CENTER 0 0 0 1 "Custom"
0 ROTATION CONFIG 0 1
1 4 -157 252 -160 -1 0 0 0 1 0 0 0 -1 4073.DAT
1 4 -152 252 -140 -1 0 0 0 1 0 0 0 -1 4073.DAT
1 4 -148 252 -121 -1 0 0 0 1 0 0 0 -1 4073.DAT
1 4 -168 252 -116 -1 0 0 0 1 0 0 0 -1 4073.DAT
1 4 -144 252 -101 -1 0 0 0 1 0 0 0 -1 4073.DAT
1 4 -187 253 -112 -1 0 0 0 1 0 0 0 -1 4073.DAT
1 4 -207 253 -108 -1 0 0 0 1 0 0 0 -1 4073.DAT
1 4 -202 253 -88 -1 0 0 0 1 0 0 0 -1 4073.DAT
1 4 -211 253 -127 -1 0 0 0 1 0 0 0 -1 4073.DAT
1 4 -192 253 -132 -1 0 0 0 1 0 0 0 -1 4073.DAT
1 4 -172 252 -136 -1 0 0 0 1 0 0 0 -1 4073.DAT
1 4 -176 252 -155 -1 0 0 0 1 0 0 0 -1 4073.DAT
1 4 -196 253 -151 -1 0 0 0 1 0 0 0 -1 4073.DAT
1 4 -215 253 -147 -1 0 0 0 1 0 0 0 -1 4073.DAT
1 4 -198 253 -69 -1 0 0 0 1 0 0 0 -1 4073.DAT
1 4 -193 253 -49 -1 0 0 0 1 0 0 0 -1 4073.DAT
1 4 -139 252 -82 -1 0 0 0 1 0 0 0 -1 4073.DAT
1 4 -135 252 -62 -1 0 0 0 1 0 0 0 -1 4073.DAT
0 STEP
1 7 -184 244 -143 -1 0 0 0 1 0 0 0 -1 3020.DAT
1 7 -148 244 -121 0 0 -1 0 1 0 1 0 0 2420.DAT
1 7 -207 245 -108 1 0 0 0 1 0 0 0 1 2420.DAT
1 7 -137 244 -72 0 0 1 0 1 0 -1 0 0 3023.DAT
1 7 -196 245 -59 0 0 1 0 1 0 -1 0 0 3023.DAT
0 STEP
1 7 -196 237 -59 0 0 1 0 1 0 -1 0 0 3023.DAT
1 7 -137 236 -72 0 0 1 0 1 0 -1 0 0 3023.DAT
1 7 -178 220 -114 1 0 0 0 1 0 0 0 1 3298.DAT
0 STEP
1 7 -142 212 -91 0 0 1 0 1 0 -1 0 0 2744.DAT
1 7 -201 213 -78 0 0 1 0 1 0 -1 0 0 2744.DAT
0 STEP
1 7 -138 204 -72 0 0 1 0 1 0 -1 0 0 3069.DAT
1 7 -196 205 -59 0 0 1 0 1 0 -1 0 0 3069.DAT
1 7 -178 212 -114 -1 0 0 0 1 0 0 0 -1 3069.DAT
0 STEP
1 0 -191 223 -80 -1 0 0 0 1 0 0 0 -1 4459.DAT
1 0 -152 222 -89 -1 0 0 0 1 0 0 0 -1 4459.DAT
0 Name: coptoetip.dat
0 Author: MLCad
0 Unofficial Model
0
0 Untitled
0 Name: copankletop.dat
0 Author: MLCad
0 Unofficial Model
0 ROTATION CENTER 0 -88.3333 64 1 "Custom"
0 ROTATION CONFIG 1 1
1 7 -148 166 -20 0 0 -1 1 0 0 0 -1 0 axle_arm_hinge.dat
0 STEP
1 0 -148 167 -29 0 0 1 -1 0 0 0 -1 0 32062.DAT
0 STEP
1 4 -142 137 -30 0 0 1 -1 0 0 0 -1 0 32054.DAT
0 STEP
0
0 Copperhead shin Armor
0 ROTATION CENTER 0 0 0 1 "Custom"
0 ROTATION CONFIG 0 1
1 0 -220 120 -26 0 -1 0 -1 0 0 0 0 -1 2654.DAT
0 STEP
1 8 -198 134 -26 0 -1 0 0 0 -1 1 0 0 4855.DAT
1 8 -194 115 -27 0 -1 0 0 0 1 -1 0 0 4855.DAT
0 STEP
1 7 -204 123 -26 0 -1 0 0 0 1 -1 0 0 3022.DAT
1 7 -203 154 -25 0 -1 0 0 0 1 -1 0 0 3794.DAT
1 7 -190 95 -28 0 -1 0 0 0 1 -1 0 0 3794.DAT
0 STEP
1 7 -189 126 -27 0 -1 0 -1 0 0 0 0 -1 3710.DAT
1 7 -181 128 -27 0 -1 0 -1 0 0 0 0 -1 3710.DAT
0 STEP
1 7 -178 77 -29 0 -1 0 0 0 -1 1 0 0 3069.DAT
1 7 -190 127 -57 0 -1 0 1 0 0 0 0 1 3069.DAT
1 7 -187 125 3 0 -1 0 1 0 0 0 0 1 3069.DAT
1 7 -201 185 -24 0 -1 0 1 0 0 0 0 1 3068.DAT
0 STEP
0 Name: shinarmor.dat
0 Author: MLCad
0 Unofficial Model
0
0 Untitled
0 Name: shinpod.dat
0 Author: MLCad
0 Unofficial Model
0 ROTATION CENTER 0 0 0 1 "Custom"
0 ROTATION CONFIG 0 1
1 7 -145 115 19 0 1 0 0 0 1 1 0 0 4274.DAT
1 7 -126 119 18 0 1 0 0 0 1 1 0 0 4274.DAT
0 STEP
1 0 -135 125 66 0 0 -1 1 0 0 0 -1 0 6233.DAT
0 STEP
0
0 Untitled
0 Name: Rshin.dat
0 Author: MLCad
0 Unofficial Model
0 ROTATION CENTER 0 0 0 1 "Custom"
0 ROTATION CONFIG 0 1
1 7 -160 132 -6 1 0 0 0 0 -1 0 1 0 3747.DAT
1 7 -121 141 -8 1 0 0 0 0 -1 0 1 0 3747.DAT
1 7 -117 121 -9 -1 0 0 0 0 1 0 1 0 3747.DAT
1 7 -156 113 -7 -1 0 0 0 0 1 0 1 0 3747.DAT
0 STEP
1 7 -139 127 -15 0 0 -1 -1 0 0 0 1 0 3032.DAT
1 7 -142 87 -41 0 0 -1 -1 0 0 0 1 0 30365.DAT
1 7 -122 91 -42 0 0 -1 -1 0 0 0 1 0 30365.DAT
0 STEP
1 7 -138 118 -40 1 0 0 0 0 -1 0 1 0 3700.DAT
0 STEP
1 7 -142 138 -39 1 0 0 0 0 -1 0 1 0 3700.DAT
0 STEP
1 7 -170 122 -38 0 0 1 1 0 0 0 1 0 3894.DAT
1 7 -111 134 -41 0 0 1 1 0 0 0 1 0 3894.DAT
0 STEP
1 7 -141 128 -47 0 0 -1 -1 0 0 0 1 0 3032.DAT
0 STEP
1 7 -144 139 -71 1 0 0 0 0 -1 0 1 0 3297.DAT
1 7 -140 119 -72 -1 0 0 0 0 1 0 1 0 3297.DAT
0 STEP
1 7 -162 125 -78 -1 0 0 0 0 1 0 1 0 3068.DAT
1 7 -125 143 -80 -1 0 0 0 0 1 0 1 0 3069.DAT
1 7 -122 124 -105 1 0 0 0 0 -1 0 1 0 2432.DAT
0 STEP
0
0 Copperhead shin Armor
0 ROTATION CENTER 0 0 0 1 "Custom"
0 ROTATION CONFIG 0 1
1 0 -63 153 -32 0 1 0 -1 0 0 0 0 1 2654.DAT
0 STEP
1 8 -89 158 -31 0 1 0 0 0 -1 -1 0 0 4855.DAT
1 8 -85 138 -32 0 1 0 0 0 1 1 0 0 4855.DAT
0 STEP
1 7 -79 149 -32 0 1 0 0 0 1 1 0 0 3022.DAT
1 7 -93 177 -30 0 1 0 0 0 1 1 0 0 3794.DAT
1 7 -81 118 -33 0 1 0 0 0 1 1 0 0 3794.DAT
0 STEP
1 7 -95 146 -31 0 1 0 -1 0 0 0 0 1 3710.DAT
1 7 -103 144 -31 0 1 0 -1 0 0 0 0 1 3710.DAT
0 STEP
1 7 -84 97 -33 0 1 0 0 0 -1 -1 0 0 3069.DAT
1 7 -93 145 -1 0 1 0 1 0 0 0 0 -1 3069.DAT
1 7 -96 147 -61 0 1 0 1 0 0 0 0 -1 3069.DAT
1 7 -107 205 -28 0 1 0 1 0 0 0 0 -1 3068.DAT
0 STEP
0 Name: shinarmor.dat
0 Author: MLCad
0 Unofficial Model
0
0 Copperhead Right Thigh
0 Name: copRthigh.dat
0 Author: MLCad
0 Unofficial Model
0 ROTATION CENTER 9.59121 -88 30.4088 1 "Custom"
0 ROTATION CONFIG 1 1
1 7 -111 -1 11 0 0 -1 -1 0 0 0 1 0 3021.DAT
1 7 -79 -5 9 0 0 -1 -1 0 0 0 1 0 3023.DAT
1 7 -116 19 -12 1 0 0 0 0 -1 0 1 0 3004.DAT
0 STEP
1 7 -100 -8 -14 0 0 -1 -1 0 0 0 1 0 3039.DAT
1 7 -120 -12 -13 0 0 1 1 0 0 0 1 0 3660.DAT
0 STEP
1 7 -140 -16 -21 0 0 1 1 0 0 0 1 0 3023.DAT
1 7 -112 0 -21 0 0 1 1 0 0 0 1 0 3021.DAT
0 STEP
1 7 -121 -11 -45 0 0 1 1 0 0 0 1 0 3700.DAT
0 STEP
1 7 -102 -7 -46 0 0 1 1 0 0 0 1 0 3700.DAT
0 STEP
1 7 -141 -15 -44 0 0 1 1 0 0 0 1 0 2877.DAT
0 STEP
1 8 -129 28 -44 0 0 1 1 0 0 0 1 0 30364.DAT
1 8 -110 32 -44 0 0 1 1 0 0 0 1 0 30364.DAT
0 STEP
1 7 -141 -15 -52 0 0 1 1 0 0 0 1 0 3023.DAT
1 7 -110 -19 -54 -1 0 0 0 0 1 0 1 0 3023.DAT
1 7 -120 30 -52 0 0 -1 -1 0 0 0 1 0 3020.DAT
0 STEP
1 7 -119 21 -76 1 0 0 0 0 -1 0 1 0 3298.DAT
1 7 -103 -6 -78 0 0 -1 -1 0 0 0 1 0 3660.DAT
1 7 -123 -10 -77 0 0 1 1 0 0 0 1 0 3039.DAT
0 STEP
1 7 -122 22 -108 1 0 0 0 0 -1 0 1 0 2432.DAT
1 7 -114 -8 -86 1 0 0 0 0 -1 0 1 0 3068.DAT
1 7 -84 -1 -87 0 0 1 1 0 0 0 1 0 3069P05.DAT
0 STEP
0
0 thigh_pin.dat
0 Name: thigh_pin.dat
0 Author: MLCad
0 Unofficial Model
0 ROTATION CENTER 0 0 0 1 "Custom"
0 ROTATION CONFIG 0 1
1 4 -101 -7 -36 -1 0 0 0 1 0 0 0 -1 32054.DAT
1 0 -101 -7 -36 0 0 -1 0 1 0 1 0 0 ballaxle.dat
0
0 ROTATION CENTER 0 0 0 1 "Custom"
0 ROTATION CONFIG 0 1
1 8 -42 32 -38 0 0 -1 0 1 0 1 0 0 32064.DAT
0 STEP
1 8 -22 32 -38 0 0 -1 0 1 0 1 0 0 32064.DAT
0 STEP
1 0 -32 42 -38 1 0 0 0 1 0 0 0 1 3705.DAT
0 ROTSTEP -52.1053 58.3399 0 ABS
0 STEP
1 8 -32 56 -38 1 0 0 0 1 0 0 0 1 2654.DAT
0 STEP
0 ROTSTEP END
1 8 -32 8 -28 1 0 0 0 1 0 0 0 1 32000.DAT
0 STEP
1 8 -32 8 -48 1 0 0 0 1 0 0 0 1 32000.DAT
0 STEP
1 7 -42 0 -48 1 0 0 0 1 0 0 0 1 4073.DAT
1 7 -42 0 -28 1 0 0 0 1 0 0 0 1 4073.DAT
1 7 -22 0 -28 1 0 0 0 1 0 0 0 1 4073.DAT
1 7 -22 0 -48 1 0 0 0 1 0 0 0 1 4073.DAT
1 7 -22 -8 -48 1 0 0 0 1 0 0 0 1 4073.DAT
1 7 -42 -8 -48 1 0 0 0 1 0 0 0 1 4073.DAT
1 7 -42 -8 -28 1 0 0 0 1 0 0 0 1 4073.DAT
1 7 -22 -8 -28 1 0 0 0 1 0 0 0 1 4073.DAT
0 STEP
1 7 -32 -16 -38 1 0 0 0 1 0 0 0 1 3680.DAT
1 7 -42 18 -58 0 0 1 0 1 0 -1 0 0 4274.DAT
1 7 -22 18 -58 0 0 1 0 1 0 -1 0 0 4274.DAT
0 STEP
1 7 -2 32 -38 0 0 1 0 1 0 -1 0 0 tb_joint.dat
1 7 -62 32 -38 0 0 1 0 1 0 -1 0 0 tb_joint.dat
0 STEP
1 7 -32 20 -18 1 0 0 0 0 -1 0 1 0 3023.DAT
0 ROTSTEP 9.47368 127.352 0 ABS
0 STEP
1 7 -32 50 -18 1 0 0 0 0 -1 0 1 0 3068.DAT
0 STEP
1 7 -32 0 -18 1 0 0 0 0 -1 0 1 0 2431.DAT
0 STEP
1 7 -32 10 -10 1 0 0 0 0 -1 0 1 0 3022.DAT
0 STEP
1 7 -32 0 -2 1 0 0 0 0 -1 0 1 0 3023.DAT
0 STEP
1 8 -32 0 -10 1 0 0 0 0 -1 0 1 0 4855.DAT
0 STEP
0 ROTSTEP END
1 7 -32 10 -66 -1 0 0 0 0 1 0 1 0 3022.DAT
0 STEP
1 7 -32 0 -74 -1 0 0 0 0 1 0 1 0 3023.DAT
0 STEP
1 8 -32 0 -82 1 0 0 0 0 -1 0 1 0 6069.DAT
0 STEP
1 7 -32 0 -90 -1 0 0 0 0 1 0 1 0 3023.DAT
0 STEP
1 7 -32 -20 -106 1 0 0 0 0 -1 0 1 0 6069P101.DAT
0 STEP
1 7 -32 -20 -138 1 0 0 0 0 -1 0 1 0 2432.DAT
0 STEP
0
0 Untitled
0 Name: copheel.dat
0 Author: MLCad
0 Unofficial Model
0 ROTATION CENTER 0 0 0 1 "Custom"
0 ROTATION CONFIG 0 1
1 4 100 259 12 -1 0 0 0 1 0 0 0 -1 4073.DAT
1 4 81 259 9 -1 0 0 0 1 0 0 0 -1 4073.DAT
1 4 61 259 5 -1 0 0 0 1 0 0 0 -1 4073.DAT
1 4 41 259 2 -1 0 0 0 1 0 0 0 -1 4073.DAT
1 4 45 259 -18 -1 0 0 0 1 0 0 0 -1 4073.DAT
1 4 64 259 -14 -1 0 0 0 1 0 0 0 -1 4073.DAT
1 4 84 259 -11 -1 0 0 0 1 0 0 0 -1 4073.DAT
1 4 104 259 -8 -1 0 0 0 1 0 0 0 -1 4073.DAT
0 STEP
1 7 73 251 -3 -1 0 0 0 1 0 0 0 -1 3020.DAT
1 7 73 243 -3 -1 0 0 0 1 0 0 0 -1 3020.DAT
0 STEP
1 7 81 219 9 0 0 -1 0 1 0 1 0 0 3040.DAT
1 7 61 219 5 0 0 1 0 1 0 -1 0 0 3040.DAT
0 ROTSTEP 4.73684 138.735 0 ABS
0 STEP
1 7 74 219 -13 -1 0 0 0 1 0 0 0 -1 3700.DAT
1 7 72 211 -3 -1 0 0 0 1 0 0 0 -1 3068.DAT
1 7 104 235 -7 -1 0 0 0 1 0 0 0 -1 3070.DAT
1 7 45 235 -18 -1 0 0 0 1 0 0 0 -1 3070.DAT
1 0 76 229 -22 0 0 -1 0 1 0 1 0 0 4459.DAT
0 STEP
0 ROTSTEP END
0
0 Untitled
0 Name: copanklebase.dat
0 Author: MLCad
0 Unofficial Model
0 ROTATION CENTER 0 0 0 1 "Custom"
0 ROTATION CONFIG 0 1
1 7 82 251 -42 0 0 1 0 1 0 -1 0 0 3023.DAT
1 7 83 243 -52 0 0 1 0 1 0 -1 0 0 3024.DAT
0 STEP
1 7 79 243 -32 -1 0 0 0 1 0 0 0 -1 3623.DAT
1 7 57 221 -36 -1 0 0 0 1 0 0 0 -1 3005.DAT
1 7 96 216 -29 -1 0 0 0 1 0 0 0 -1 3005.DAT
0 STEP
1 7 76 219 -32 -1 0 0 0 1 0 0 0 -1 6541.DAT
0 STEP
1 7 80 219 -52 -1 0 0 0 1 0 0 0 -1 6541.DAT
0 STEP
1 7 77 211 -42 0 0 -1 0 1 0 1 0 0 30383.DAT
1 7 78 203 -52 0 0 -1 0 1 0 1 0 0 3070.DAT
0 STEP
0
0 Copperhead Toe Top
0 Name: coptoetop.dat
0 Author: MLCad
0 Unofficial Model
0 ROTATION CENTER 0 0 0 1 "Custom"
0 ROTATION CONFIG 0 1
1 7 88 243 -81 1 0 0 0 1 0 0 0 1 3022.DAT
1 7 77 220 -93 0 0 1 0 1 0 -1 0 0 6541.DAT
0 STEP
1 7 97 217 -90 0 0 1 0 1 0 -1 0 0 6541.DAT
0 STEP
0 ROTSTEP 3.55263 140.87 0 ABS
1 7 83 219 -72 -1 0 0 0 1 0 0 0 -1 3700.DAT
1 0 83 229 -62 0 0 -1 0 1 0 1 0 0 4459.DAT
0 STEP
1 7 80 195 -72 1 0 0 0 1 0 0 0 1 3039.DAT
1 7 79 187 -72 1 0 0 0 1 0 0 0 1 3069.DAT
0 ROTSTEP END
0 STEP
0
0 copperhead toetip
0 ROTATION CENTER 0 0 0 1 "Custom"
0 ROTATION CONFIG 0 1
1 4 130 258 -155 -1 0 0 0 1 0 0 0 -1 4073.DAT
1 4 126 258 -136 -1 0 0 0 1 0 0 0 -1 4073.DAT
1 4 123 258 -116 -1 0 0 0 1 0 0 0 -1 4073.DAT
1 4 103 258 -119 -1 0 0 0 1 0 0 0 -1 4073.DAT
1 4 119 259 -96 -1 0 0 0 1 0 0 0 -1 4073.DAT
1 4 83 259 -123 -1 0 0 0 1 0 0 0 -1 4073.DAT
1 4 64 259 -126 -1 0 0 0 1 0 0 0 -1 4073.DAT
1 4 60 259 -107 -1 0 0 0 1 0 0 0 -1 4073.DAT
1 4 67 258 -146 -1 0 0 0 1 0 0 0 -1 4073.DAT
1 4 87 258 -142 -1 0 0 0 1 0 0 0 -1 4073.DAT
1 4 107 258 -139 -1 0 0 0 1 0 0 0 -1 4073.DAT
1 4 110 258 -159 -1 0 0 0 1 0 0 0 -1 4073.DAT
1 4 90 258 -162 -1 0 0 0 1 0 0 0 -1 4073.DAT
1 4 71 258 -166 -1 0 0 0 1 0 0 0 -1 4073.DAT
1 4 57 259 -87 -1 0 0 0 1 0 0 0 -1 4073.DAT
1 4 53 259 -67 -1 0 0 0 1 0 0 0 -1 4073.DAT
1 4 116 259 -76 -1 0 0 0 1 0 0 0 -1 4073.DAT
1 4 112 259 -57 -1 0 0 0 1 0 0 0 -1 4073.DAT
0 STEP
1 7 98 250 -151 -1 0 0 0 1 0 0 0 -1 3020.DAT
1 7 123 250 -116 0 0 -1 0 1 0 1 0 0 2420.DAT
1 7 64 251 -126 1 0 0 0 1 0 0 0 1 2420.DAT
1 7 114 251 -67 0 0 1 0 1 0 -1 0 0 3023.DAT
1 7 55 251 -77 0 0 1 0 1 0 -1 0 0 3023.DAT
0 STEP
1 7 55 243 -77 0 0 1 0 1 0 -1 0 0 3023.DAT
1 7 114 243 -67 0 0 1 0 1 0 -1 0 0 3023.DAT
1 7 93 227 -121 1 0 0 0 1 0 0 0 1 3298.DAT
0 STEP
1 7 118 219 -86 0 0 1 0 1 0 -1 0 0 2744.DAT
1 7 58 219 -97 0 0 1 0 1 0 -1 0 0 2744.DAT
0 STEP
1 7 114 211 -66 0 0 1 0 1 0 -1 0 0 3069.DAT
1 7 55 211 -77 0 0 1 0 1 0 -1 0 0 3069.DAT
1 7 93 219 -121 -1 0 0 0 1 0 0 0 -1 3069.DAT
0 STEP
1 0 68 229 -95 -1 0 0 0 1 0 0 0 -1 4459.DAT
1 0 108 229 -88 -1 0 0 0 1 0 0 0 -1 4459.DAT
0 Name: coptoetip.dat
0 Author: MLCad
0 Unofficial Model
0
0 Untitled
0 Name: copankletop.dat
0 Author: MLCad
0 Unofficial Model
0 ROTATION CENTER 0 -88.3333 64 1 "Custom"
0 ROTATION CONFIG 1 1
1 7 69 172 -24 0 0 -1 1 0 0 0 -1 0 axle_arm_hinge.dat
0 STEP
1 0 71 172 -33 0 0 1 -1 0 0 0 -1 0 32062.DAT
0 STEP
1 4 67 143 -34 0 0 1 -1 0 0 0 -1 0 32054.DAT
0 STEP
0
0 Copperhead shin Armor
0 ROTATION CENTER 0 0 0 1 "Custom"
0 ROTATION CONFIG 0 1
1 0 -12 152 -40 0 -1 0 -1 0 0 0 0 -1 2654.DAT
0 STEP
1 8 13 159 -38 0 -1 0 0 0 -1 1 0 0 4855.DAT
1 8 10 140 -38 0 -1 0 0 0 1 -1 0 0 4855.DAT
0 STEP
1 7 3 150 -39 0 -1 0 0 0 1 -1 0 0 3022.DAT
1 7 15 179 -38 0 -1 0 0 0 1 -1 0 0 3794.DAT
1 7 8 120 -38 0 -1 0 0 0 1 -1 0 0 3794.DAT
0 STEP
1 7 19 149 -38 0 -1 0 -1 0 0 0 0 -1 3710.DAT
1 7 27 148 -37 0 -1 0 -1 0 0 0 0 -1 3710.DAT
0 STEP
1 7 13 99 -38 0 -1 0 0 0 -1 1 0 0 3069.DAT
1 7 21 148 -68 0 -1 0 1 0 0 0 0 1 3069.DAT
1 7 18 149 -8 0 -1 0 1 0 0 0 0 1 3069.DAT
1 7 27 208 -38 0 -1 0 1 0 0 0 0 1 3068.DAT
0 STEP
0 Name: shinarmor.dat
0 Author: MLCad
0 Unofficial Model
0
0 Untitled
0 Name: shinpod.dat
0 Author: MLCad
0 Unofficial Model
0 ROTATION CENTER 0 0 0 1 "Custom"
0 ROTATION CONFIG 0 1
1 7 52 125 14 0 1 0 0 0 1 1 0 0 4274.DAT
1 7 72 123 15 0 1 0 0 0 1 1 0 0 4274.DAT
0 STEP
1 0 61 134 63 0 0 -1 1 0 0 0 -1 0 6233.DAT
0 STEP
0
0 Untitled
0 Name: Lshin.dat
0 Author: MLCad
0 Unofficial Model
0 ROTATION CENTER 0 0 0 1 "Custom"
0 ROTATION CONFIG 0 1
1 7 46 145 -12 1 0 0 0 0 -1 0 1 0 3747.DAT
1 7 86 140 -10 1 0 0 0 0 -1 0 1 0 3747.DAT
1 7 83 120 -10 -1 0 0 0 0 1 0 1 0 3747.DAT
1 7 43 125 -12 -1 0 0 0 0 1 0 1 0 3747.DAT
1 7 65 132 -19 0 0 -1 -1 0 0 0 1 0 3032.DAT
1 7 51 94 -44 0 0 -1 -1 0 0 0 1 0 30365.DAT
1 7 71 92 -43 0 0 -1 -1 0 0 0 1 0 30365.DAT
1 7 65 123 -43 1 0 0 0 0 -1 0 1 0 3700.DAT
1 7 67 143 -43 1 0 0 0 0 -1 0 1 0 3700.DAT
1 7 36 136 -44 0 0 1 1 0 0 0 1 0 3894.DAT
1 7 96 129 -41 0 0 1 1 0 0 0 1 0 3894.DAT
1 7 67 133 -51 0 0 -1 -1 0 0 0 1 0 3032.DAT
1 7 69 143 -75 1 0 0 0 0 -1 0 1 0 3297.DAT
1 7 67 123 -75 -1 0 0 0 0 1 0 1 0 3297.DAT
1 7 88 131 -82 -1 0 0 0 0 1 0 1 0 3068.DAT
1 7 50 146 -84 -1 0 0 0 0 1 0 1 0 3069.DAT
1 7 48 126 -108 1 0 0 0 0 -1 0 1 0 2432.DAT
0
0 Copperhead shin Armor
0 ROTATION CENTER 0 0 0 1 "Custom"
0 ROTATION CONFIG 0 1
1 0 146 133 -31 0 1 0 -1 0 0 0 0 1 2654.DAT
0 STEP
1 8 124 146 -32 0 1 0 0 0 -1 -1 0 0 4855.DAT
1 8 121 126 -32 0 1 0 0 0 1 1 0 0 4855.DAT
0 STEP
1 7 130 135 -32 0 1 0 0 0 1 1 0 0 3022.DAT
1 7 126 166 -32 0 1 0 0 0 1 1 0 0 3794.DAT
1 7 119 106 -32 0 1 0 0 0 1 1 0 0 3794.DAT
0 STEP
1 7 114 137 -33 0 1 0 -1 0 0 0 0 1 3710.DAT
1 7 106 138 -33 0 1 0 -1 0 0 0 0 1 3710.DAT
0 STEP
1 7 108 87 -33 0 1 0 0 0 -1 -1 0 0 3069.DAT
1 7 113 137 -3 0 1 0 1 0 0 0 0 -1 3069.DAT
1 7 116 137 -63 0 1 0 1 0 0 0 0 -1 3069.DAT
1 7 122 196 -33 0 1 0 1 0 0 0 0 -1 3068.DAT
0 STEP
0 Name: shinarmor.dat
0 Author: MLCad
0 Unofficial Model
0
0 thigh_pin.dat
0 Name: thigh_pin.dat
0 Author: MLCad
0 Unofficial Model
0 ROTATION CENTER 0 0 0 1 "Custom"
0 ROTATION CONFIG 0 1
1 4 38 -4 -36 1 0 0 0 1 0 0 0 1 32054.DAT
1 0 38 -4 -36 0 0 1 0 1 0 -1 0 0 ballaxle.dat
0
0 Copperhead Right Thigh
0 Name: copLthigh.dat
0 Author: MLCad
0 Unofficial Model
0 ROTATION CENTER 9.59121 -88 30.4088 1 "Custom"
0 ROTATION CONFIG 1 1
1 7 46 4 11 0 0 1 1 0 0 0 1 0 3021.DAT
1 7 16 -2 9 0 0 1 1 0 0 0 1 0 3023.DAT
1 7 50 24 -13 -1 0 0 0 0 1 0 1 0 3004.DAT
1 7 37 -4 -14 0 0 1 1 0 0 0 1 0 3039.DAT
1 7 56 -7 -13 0 0 -1 -1 0 0 0 1 0 3660.DAT
1 7 77 -9 -20 0 0 -1 -1 0 0 0 1 0 3023.DAT
1 7 48 5 -21 0 0 -1 -1 0 0 0 1 0 3021.DAT
1 7 38 -4 -46 0 0 -1 -1 0 0 0 1 0 3700.DAT
1 7 58 -6 -45 0 0 -1 -1 0 0 0 1 0 3700.DAT
1 7 78 -9 -44 0 0 -1 -1 0 0 0 1 0 2877.DAT
1 8 64 32 -44 0 0 1 1 0 0 0 1 0 30364.DAT
1 8 44 35 -45 0 0 1 1 0 0 0 1 0 30364.DAT
1 7 78 -9 -52 0 0 -1 -1 0 0 0 1 0 3023.DAT
1 7 47 -15 -54 1 0 0 0 0 -1 0 1 0 3023.DAT
1 7 53 35 -53 0 0 1 1 0 0 0 1 0 3020.DAT
1 7 54 24 -77 1 0 0 0 0 -1 0 1 0 3298.DAT
1 7 40 -3 -78 0 0 1 1 0 0 0 1 0 3660.DAT
1 7 60 -6 -77 0 0 -1 -1 0 0 0 1 0 3039.DAT
1 7 55 24 -109 1 0 0 0 0 -1 0 1 0 2432.DAT
1 7 50 -5 -85 -1 0 0 0 0 1 0 1 0 3068.DAT
1 7 20 -2 -87 0 0 -1 -1 0 0 0 1 0 3069P05.DAT
0
0 WRITE torso
0 Untitled
0 Name: llfing.dat
0 Author: MLCad
0 Unofficial Model
0 ROTATION CENTER 0 0 0 1 "Custom"
0 ROTATION CONFIG 0 1
1 7 -237 -39 -178 0 1 0 1 0 0 0 0 -1 972.DAT
0
0 Untitled
0 Name: rlfing.dat
0 Author: MLCad
0 Unofficial Model
0 ROTATION CENTER 0 0 0 1 "Custom"
0 ROTATION CONFIG 0 1
1 7 -237 -39 -178 0 1 0 1 0 0 0 0 -1 971.DAT
0
0 Untitled
0 Name: thumb.dat
0 Author: MLCad
0 Unofficial Model
0 ROTATION CENTER 0 0 0 1 "Custom"
0 ROTATION CONFIG 0 1
1 7 -230 -57 -145 0 0 -1 1 0 0 0 -1 0 3040.DAT
0
0 Untitled
0 Name: palm.dat
0 Author: MLCad
0 Unofficial Model
0 ROTATION CENTER 0 0 0 1 "Custom"
0 ROTATION CONFIG 0 1
1 7 -231 -51 -127 0 0 1 -1 0 0 0 -1 0 3070.DAT
1 7 -232 -49 -134 0 0 1 -1 0 0 0 -1 0 3794.DAT
1 7 -235 -38 -140 0 0 1 -1 0 0 0 -1 0 3005.DAT
1 7 -235 -42 -165 0 0 1 -1 0 0 0 -1 0 970.DAT
0
0 Untitled
0 Name: rt4arm.dat
0 Author: MLCad
0 Unofficial Model
0 ROTATION CENTER 0 0 0 1 "Custom"
0 ROTATION CONFIG 0 1
1 0 -208 -48 -116 0 1 0 -1 0 0 0 0 1 2654.DAT
1 0 -204 -57 -77 0 1 0 -1 0 0 0 0 1 2654.DAT
1 7 -214 -54 -96 0 1 0 0 0 -1 -1 0 0 3020.DAT
1 7 -240 -48 -102 0 1 0 0 0 -1 -1 0 0 4070.DAT
1 7 -238 -53 -83 0 1 0 0 0 -1 -1 0 0 4070.DAT
1 7 -234 -72 -88 0 1 0 0 0 1 1 0 0 4070.DAT
1 7 -236 -67 -107 0 1 0 0 0 1 1 0 0 4070.DAT
1 7 -245 -62 -95 0 1 0 0 0 -1 -1 0 0 3020.DAT
1 0 -255 -59 -114 0 1 0 0 0 -1 -1 0 0 4073.DAT
1 0 -250 -68 -75 0 1 0 0 0 -1 -1 0 0 4073.DAT
1 8 -262 -61 -114 0 1 0 0 0 -1 -1 0 0 4740.DAT
1 8 -258 -70 -75 0 1 0 0 0 -1 -1 0 0 4740.DAT
1 0 -266 -72 -74 0 1 0 0 0 -1 -1 0 0 3070.DAT
1 0 -270 -63 -113 0 1 0 -1 0 0 0 0 1 2555.DAT
1 8 -222 -80 -102 0 0 -1 0 1 0 1 0 0 2412.DAT
1 8 -232 -37 -80 0 0 -1 0 -1 0 -1 0 0 3070P06.DAT
1 8 -234 -33 -99 0 0 -1 0 -1 0 -1 0 0 3070P06.DAT
1 7 -234 -67 -66 0 1 0 -1 0 0 0 0 1 3700.DAT
1 7 -240 -53 -124 0 1 0 -1 0 0 0 0 1 3700.DAT
0 WRITE Type in the comment
0
1 0 -223 -67.631 -55.234 0.219256 0.970296 0.102241 -0.943869 0.237477 -0.229599 -0.247059 -0.0461609 0.9679 cop_arm_2fing.dat
1 0 -219 -82.221 -41.191 0 0.970296 -0.241922 0.190809 0.237477 0.952469 0.981627 -0.0461609 -0.185141 cop_arm_3fing.dat
0 Untitled
0 Name: up_arm.dat
0 Author: MLCad
0 Unofficial Model
0 ROTATION CENTER 0 0 0 1 "Custom"
0 ROTATION CONFIG 0 1
1 7 -203 -91 -39 0 1 0 0 0 -1 -1 0 0 3747.DAT
1 7 -229 -85 -30 0 1 0 -1 0 0 0 0 1 30364.DAT
1 7 -229 -89 -50 0 1 0 -1 0 0 0 0 1 30364.DAT
1 7 -236 -59 -46 0 1 0 0 0 -1 -1 0 0 3700.DAT
1 7 -250 -102 -37 0 1 0 0 0 -1 -1 0 0 3298.DAT
1 7 -257 -104 -37 0 1 0 0 0 -1 -1 0 0 3069P09.DAT
0
0 Untitled
0 Name: shldr.dat
0 Author: MLCad
0 Unofficial Model
0 ROTATION CENTER 1.01715 -18.2978 10 1 "Custom"
0 ROTATION CONFIG 1 1
1 7 -142 -136 -31 0 0 1 0 1 0 -1 0 0 3660.DAT
1 7 -142 -168 -25 0 0 1 0 1 0 -1 0 0 3023.DAT
1 7 -142 -160 -26 0 0 1 0 1 0 -1 0 0 32064.DAT
1 7 -172 -162 -36 -1 0 0 0 1 0 0 0 -1 30365.DAT
1 7 -172 -158 -16 -1 0 0 0 1 0 0 0 -1 30365.DAT
1 7 -172 -166 -15 -1 0 0 0 1 0 0 0 -1 2436.DAT
1 7 -172 -170 -34 1 0 0 0 1 0 0 0 1 2436.DAT
1 7 -152 -193 -30 1 0 0 0 1 0 0 0 1 3298.DAT
1 7 -152 -189 -10 -1 0 0 0 1 0 0 0 -1 3298.DAT
1 7 -182 -189 -10 -1 0 0 0 1 0 0 0 -1 3675.DAT
1 7 -182 -193 -30 0 0 1 0 1 0 -1 0 0 3675.DAT
1 7 -172 -199 -18 0 0 1 0 1 0 -1 0 0 3068.DAT
1 7 -142 -199 -18 0 0 1 0 1 0 -1 0 0 3069.DAT
1 7 -172 -149 21 -1 0 0 0 0 -1 0 -1 0 3297.DAT
1 7 -172 -167 -74 1 0 0 0 0 -1 0 1 0 3297.DAT
1 7 -192 -168 -81 1 0 0 0 0 -1 0 1 0 3666.DAT
1 7 -192 -147 28 -1 0 0 0 0 -1 0 -1 0 3666.DAT
1 7 -192 -146 36 -1 0 0 0 0 -1 0 -1 0 6636.DAT
1 7 -192 -170 -89 1 0 0 0 0 -1 0 1 0 6636.DAT
1 7 -222 -149 21 0 0 1 -1 0 0 0 -1 0 3665.DAT
1 7 -222 -167 -74 0 0 1 1 0 0 0 1 0 3665.DAT
0
0 Untitled
0 Name: rtchst.dat
0 Author: MLCad
0 Unofficial Model
0 ROTATION CENTER 0 0 0 1 "Custom"
0 ROTATION CONFIG 0 1
1 7 -112 -64 -17 0 0 1 0 1 0 -1 0 0 3020.DAT
1 7 -82 -64 -17 0 0 1 0 1 0 -1 0 0 3710.DAT
1 7 -102 -64 -67 -1 0 0 0 1 0 0 0 -1 3623.DAT
1 7 -112 -72 -67 -1 0 0 0 1 0 0 0 -1 3023.DAT
1 7 -72 -88 3 -1 0 0 0 1 0 0 0 -1 3001.DAT
1 7 -102 -88 -37 -1 0 0 0 1 0 0 0 -1 3002.DAT
1 7 -122 -88 3 0 0 -1 0 1 0 1 0 0 3004.DAT
1 7 -82 -88 -67 0 0 -1 0 1 0 1 0 0 3005.DAT
1 7 -82 -112 -67 0 0 -1 0 1 0 1 0 0 3005.DAT
1 7 -82 -136 -67 0 0 -1 0 1 0 1 0 0 3005.DAT
1 7 -112 -112 -17 0 0 -1 0 1 0 1 0 0 3001.DAT
1 7 -92 -136 -17 0 0 -1 0 1 0 1 0 0 3001.DAT
1 7 -82 -112 -17 0 0 -1 0 1 0 1 0 0 3010.DAT
1 7 -122 -136 -17 0 0 -1 0 1 0 1 0 0 3010.DAT
1 7 -122 -160 -7 0 0 -1 0 1 0 1 0 0 3005.DAT
1 7 -92 -160 13 1 0 0 0 1 0 0 0 1 3701.DAT
1 7 -102 -160 -17 0 0 1 0 1 0 -1 0 0 32000.DAT
1 7 -82 -160 -17 0 0 1 0 1 0 -1 0 0 32000.DAT
1 7 -112 -96 -67 -1 0 0 0 1 0 0 0 -1 3700.DAT
1 7 -112 -136 -67 -1 0 0 0 1 0 0 0 -1 3700.DAT
1 7 -112 -104 -67 -1 0 0 0 1 0 0 0 -1 3023.DAT
1 7 -112 -112 -67 -1 0 0 0 1 0 0 0 -1 3023.DAT
1 7 -102 -160 -47 1 0 0 0 1 0 0 0 1 3038.DAT
1 4 -102 -150 -27 1 0 0 0 1 0 0 0 1 32054.DAT
1 4 -82 -150 -7 -1 0 0 0 1 0 0 0 -1 32054.DAT
1 7 -112 -126 -77 0 0 1 0 1 0 -1 0 0 4274.DAT
1 7 -112 -86 -77 0 0 1 0 1 0 -1 0 0 4274.DAT
1 7 -102 -96 -85 0 0 1 1 0 0 0 1 0 3020.DAT
1 7 -112 -126 -93 0 0 1 1 0 0 0 1 0 3070.DAT
1 7 -92 -106 -93 0 0 1 1 0 0 0 1 0 3070.DAT
1 7 -112 -86 -93 0 0 1 1 0 0 0 1 0 3070.DAT
1 7 -92 -66 -93 0 0 1 1 0 0 0 1 0 3070.DAT
1 8 -92 -126 -93 0 0 1 1 0 0 0 1 0 3070.DAT
1 8 -112 -106 -93 0 0 1 1 0 0 0 1 0 3070.DAT
1 8 -92 -86 -93 0 0 1 1 0 0 0 1 0 3070.DAT
1 8 -112 -66 -93 0 0 1 1 0 0 0 1 0 3070.DAT
0
0 Untitled
0 Name: collar.dat
0 Author: MLCad
0 Unofficial Model
0 ROTATION CENTER 0 0 0 1 "Custom"
0 ROTATION CONFIG 0 1
1 7 -32 -146 2 1 0 0 0 0 -1 0 1 0 tb_joint.dat
1 0 -52 -150 -7 1 0 0 0 0 -1 0 1 0 32062.DAT
1 0 -12 -150 -7 1 0 0 0 0 -1 0 1 0 32062.DAT
0
0 copperhead Neck
0 Name: neck.dat
0 Author: MLCad
0 Unofficial Model
0 ROTATION CENTER 0 0 -39 1 "Custom"
0 ROTATION CONFIG 1 1
1 7 -32 -198 -25 0 1 0 0 0 -1 -1 0 0 ballaxle.dat
1 7 -32 -199 -25 0 1 0 0 0 -1 -1 0 0 32013.DAT
0
0 copperhead Head
0 Name: head.dat
0 Author: MLCad
0 Unofficial Model
0 ROTATION CENTER 0 0 0 1 "Custom"
0 ROTATION CONFIG 0 1
1 7 -32 -185 -56 0 0 1 0 1 0 -1 0 0 3023.DAT
1 7 -32 -193 -66 0 0 1 0 1 0 -1 0 0 3024.DAT
1 46 -32 -201 -66 0 0 1 0 1 0 -1 0 0 3024.DAT
1 7 -32 -209 -66 0 0 1 0 1 0 -1 0 0 3024.DAT
1 7 -32 -209 -46 -1 0 0 0 1 0 0 0 -1 6541.DAT
1 7 -32 -209 -6 -1 0 0 0 1 0 0 0 -1 6541.DAT
1 7 -32 -233 -66 1 0 0 0 1 0 0 0 1 3665.DAT
1 7 -32 -233 -46 -1 0 0 0 1 0 0 0 -1 4286.DAT
1 7 -32 -241 -56 0 0 -1 0 1 0 1 0 0 3069.DAT
1 7 -32 -241 -86 0 0 -1 0 1 0 1 0 0 3070.DAT
1 0 -32 -199 -26 0 0 -1 0 1 0 1 0 0 6558.DAT
0
0 Untitled
0 Name: midchst.dat
0 Author: MLCad
0 Unofficial Model
0 ROTATION CENTER 0 0 0 1 "Custom"
0 ROTATION CONFIG 0 1
1 7 -32 -16 -37 1 0 0 0 1 0 0 0 1 3679.DAT
1 7 -32 -40 -37 1 0 0 0 1 0 0 0 1 6222.DAT
1 7 -52 -64 -67 1 0 0 0 1 0 0 0 1 3660.DAT
1 7 -12 -64 -67 1 0 0 0 1 0 0 0 1 3660.DAT
1 7 -12 -64 -7 -1 0 0 0 1 0 0 0 -1 3660.DAT
1 7 -52 -64 -7 -1 0 0 0 1 0 0 0 -1 3660.DAT
1 7 -62 -64 -37 0 0 -1 0 1 0 1 0 0 3004.DAT
1 7 -2 -64 -37 0 0 -1 0 1 0 1 0 0 3004.DAT
1 7 -62 -136 -57 0 0 -1 0 1 0 1 0 0 2362.DAT
1 7 -2 -136 -57 0 0 1 0 1 0 -1 0 0 2362.DAT
1 7 -32 -96 3 -1 0 0 0 1 0 0 0 -1 3020.DAT
1 14 -52 -120 3 -1 0 0 0 1 0 0 0 -1 3941.DAT
1 14 -12 -120 3 -1 0 0 0 1 0 0 0 -1 3941.DAT
1 7 -32 -128 3 -1 0 0 0 1 0 0 0 -1 3020.DAT
1 7 -62 -136 -7 0 0 -1 0 1 0 1 0 0 3623.DAT
1 7 -2 -136 -7 0 0 -1 0 1 0 1 0 0 3623.DAT
1 7 -2 -160 -37 0 0 -1 0 1 0 1 0 0 3004.DAT
1 7 -62 -160 -37 0 0 -1 0 1 0 1 0 0 3004.DAT
1 7 -92 -168 -17 0 0 -1 0 1 0 1 0 0 3031.DAT
1 7 28 -168 -17 0 0 -1 0 1 0 1 0 0 3031.DAT
1 7 -122 -192 -17 0 0 -1 0 1 0 1 0 0 3037.DAT
1 7 -72 -176 -37 0 0 -1 0 1 0 1 0 0 3068.DAT
1 7 -72 -176 3 0 0 -1 0 1 0 1 0 0 3068.DAT
1 7 8 -176 3 0 0 -1 0 1 0 1 0 0 3068.DAT
1 7 8 -176 -37 0 0 -1 0 1 0 1 0 0 3068.DAT
1 7 58 -192 -17 0 0 1 0 1 0 -1 0 0 3037.DAT
1 7 58 -200 -17 0 0 1 0 1 0 -1 0 0 2431.DAT
1 7 -122 -200 -17 0 0 1 0 1 0 -1 0 0 2431.DAT
0
0 Untitled
0 Name: chstplat.dat
0 Author: MLCad
0 Unofficial Model
0 ROTATION CENTER 29.5 -36 -40 1 "Custom"
0 ROTATION CONFIG 1 1
1 7 -62 -88 -87 1 0 0 0 1 0 0 0 1 4287.DAT
1 7 -2 -88 -87 1 0 0 0 1 0 0 0 1 4287.DAT
1 7 -32 -88 -107 1 0 0 0 1 0 0 0 1 3660.DAT
1 7 -62 -112 -87 1 0 0 0 1 0 0 0 1 3005.DAT
1 7 -2 -112 -87 1 0 0 0 1 0 0 0 1 3005.DAT
1 7 -2 -96 -117 0 0 1 0 1 0 -1 0 0 3023.DAT
1 7 -62 -96 -117 0 0 1 0 1 0 -1 0 0 3023.DAT
1 7 -32 -104 -107 -1 0 0 0 1 0 0 0 -1 3710.DAT
1 7 -32 -112 -107 -1 0 0 0 1 0 0 0 -1 3710.DAT
1 7 -2 -120 -127 1 0 0 0 1 0 0 0 1 4070.DAT
1 7 -62 -120 -127 1 0 0 0 1 0 0 0 1 4070.DAT
1 7 -32 -112 -127 1 0 0 0 1 0 0 0 1 3004.DAT
1 7 -2 -136 -87 1 0 0 0 1 0 0 0 1 3040.DAT
1 7 -62 -136 -87 1 0 0 0 1 0 0 0 1 3040.DAT
1 7 -32 -136 -107 -1 0 0 0 1 0 0 0 -1 3660P01.DAT
1 7 -32 -136 -127 1 0 0 0 1 0 0 0 1 3048.DAT
1 7 -32 -160 -67 1 0 0 0 1 0 0 0 1 3298P55.DAT
1 7 -62 -160 -67 1 0 0 0 1 0 0 0 1 3040.DAT
1 7 -2 -160 -67 1 0 0 0 1 0 0 0 1 3040.DAT
1 7 -32 -168 -57 1 0 0 0 1 0 0 0 1 3068WARN.DAT
1 7 -62 -128 -127 1 0 0 0 1 0 0 0 1 3070.DAT
1 7 -2 -128 -127 1 0 0 0 1 0 0 0 1 3070.DAT
1 7 -2 -168 -67 1 0 0 0 1 0 0 0 1 3070.DAT
1 7 -62 -168 -67 1 0 0 0 1 0 0 0 1 3070.DAT
1 7 -62 -110 -141 1 0 0 0 0 -1 0 1 0 3024.DAT
1 7 -2 -110 -141 1 0 0 0 0 -1 0 1 0 3024.DAT
1 7 -32 -110 -149 1 0 0 0 0 -1 0 1 0 2431P52.DAT
0
0 WRITE Right shoulder
0 WRITE right arm
0 Untitled
0 Name: lftchst.dat
0 Author: MLCad
0 Unofficial Model
0 ROTATION CENTER 0 0 0 1 "Custom"
0 ROTATION CONFIG 0 1
1 7 48 -64 -17 0 0 1 0 1 0 -1 0 0 3020.DAT
1 7 18 -64 -17 0 0 1 0 1 0 -1 0 0 3710.DAT
1 7 38 -64 -67 -1 0 0 0 1 0 0 0 -1 3623.DAT
1 7 28 -72 -67 -1 0 0 0 1 0 0 0 -1 3023.DAT
1 7 8 -88 3 -1 0 0 0 1 0 0 0 -1 3001.DAT
1 7 38 -88 -37 -1 0 0 0 1 0 0 0 -1 3002.DAT
1 7 58 -88 3 0 0 -1 0 1 0 1 0 0 3004.DAT
1 7 58 -88 -67 0 0 -1 0 1 0 1 0 0 3005.DAT
1 7 58 -112 -67 0 0 -1 0 1 0 1 0 0 3005.DAT
1 7 58 -136 -67 0 0 -1 0 1 0 1 0 0 3005.DAT
1 7 28 -112 -17 0 0 -1 0 1 0 1 0 0 3001.DAT
1 7 48 -136 -17 0 0 -1 0 1 0 1 0 0 3001.DAT
1 7 58 -112 -17 0 0 -1 0 1 0 1 0 0 3010.DAT
1 7 18 -136 -17 0 0 -1 0 1 0 1 0 0 3010.DAT
1 7 58 -160 -7 0 0 -1 0 1 0 1 0 0 3005.DAT
1 7 28 -160 13 1 0 0 0 1 0 0 0 1 3701.DAT
1 7 38 -160 -17 0 0 1 0 1 0 -1 0 0 32000.DAT
1 7 18 -160 -17 0 0 1 0 1 0 -1 0 0 32000.DAT
1 7 28 -96 -67 -1 0 0 0 1 0 0 0 -1 3700.DAT
1 7 28 -136 -67 -1 0 0 0 1 0 0 0 -1 3700.DAT
1 7 28 -104 -67 -1 0 0 0 1 0 0 0 -1 3023.DAT
1 7 28 -112 -67 -1 0 0 0 1 0 0 0 -1 3023.DAT
1 7 38 -160 -47 1 0 0 0 1 0 0 0 1 3038.DAT
1 4 38 -150 -27 -1 0 0 0 1 0 0 0 -1 32054.DAT
1 4 18 -150 -7 1 0 0 0 1 0 0 0 1 32054.DAT
1 7 28 -126 -77 0 0 1 0 1 0 -1 0 0 4274.DAT
1 7 28 -86 -77 0 0 1 0 1 0 -1 0 0 4274.DAT
1 7 38 -96 -85 0 0 1 1 0 0 0 1 0 3020.DAT
1 7 28 -126 -93 0 0 1 1 0 0 0 1 0 3070.DAT
1 7 48 -106 -93 0 0 1 1 0 0 0 1 0 3070.DAT
1 7 28 -86 -93 0 0 1 1 0 0 0 1 0 3070.DAT
1 7 48 -66 -93 0 0 1 1 0 0 0 1 0 3070.DAT
1 8 48 -126 -93 0 0 1 1 0 0 0 1 0 3070.DAT
1 8 28 -106 -93 0 0 1 1 0 0 0 1 0 3070.DAT
1 8 48 -86 -93 0 0 1 1 0 0 0 1 0 3070.DAT
1 8 28 -66 -93 0 0 1 1 0 0 0 1 0 3070.DAT
0
0 Untitled
0 Name: shldr.dat
0 Author: MLCad
0 Unofficial Model
0 ROTATION CENTER 1.01715 -18.2978 10 1 "Custom"
0 ROTATION CONFIG 1 1
1 7 78 -136 -28 0 0 -1 0 1 0 1 0 0 3660.DAT
1 7 78 -168 -28 0 0 -1 0 1 0 1 0 0 3023.DAT
1 7 78 -160 -28 0 0 -1 0 1 0 1 0 0 32064.DAT
1 7 108 -160 -18 1 0 0 0 1 0 0 0 1 30365.DAT
1 7 108 -160 -38 1 0 0 0 1 0 0 0 1 30365.DAT
1 7 108 -168 -38 1 0 0 0 1 0 0 0 1 2436.DAT
1 7 108 -168 -18 -1 0 0 0 1 0 0 0 -1 2436.DAT
1 7 88 -192 -18 -1 0 0 0 1 0 0 0 -1 3298.DAT
1 7 88 -192 -38 1 0 0 0 1 0 0 0 1 3298.DAT
1 7 118 -192 -38 1 0 0 0 1 0 0 0 1 3675.DAT
1 7 118 -192 -18 0 0 -1 0 1 0 1 0 0 3675.DAT
1 7 108 -200 -28 0 0 -1 0 1 0 1 0 0 3068.DAT
1 7 78 -200 -28 0 0 -1 0 1 0 1 0 0 3069.DAT
1 7 108 -158 -76 1 0 0 0 0 -1 0 1 0 3297.DAT
1 7 108 -158 20 -1 0 0 0 0 -1 0 -1 0 3297.DAT
1 7 128 -158 28 -1 0 0 0 0 -1 0 -1 0 3666.DAT
1 7 128 -158 -84 1 0 0 0 0 -1 0 1 0 3666.DAT
1 7 128 -158 -92 1 0 0 0 0 -1 0 1 0 6636.DAT
1 7 128 -158 36 -1 0 0 0 0 -1 0 -1 0 6636.DAT
1 7 158 -158 -76 0 0 -1 -1 0 0 0 1 0 3665.DAT
1 7 158 -158 20 0 0 -1 1 0 0 0 -1 0 3665.DAT
0
0 Untitled
0 Name: up_arm.dat
0 Author: MLCad
0 Unofficial Model
0 ROTATION CENTER 0 0 0 1 "Custom"
0 ROTATION CONFIG 0 1
1 7 137 -89 -32 0 -1 0 0 0 -1 1 0 0 3747.DAT
1 7 162 -84 -42 0 -1 0 -1 0 0 0 0 -1 30364.DAT
1 7 162 -84 -22 0 -1 0 -1 0 0 0 0 -1 30364.DAT
1 7 168 -54 -32 0 -1 0 0 0 -1 1 0 0 3700.DAT
1 7 184 -98 -32 0 -1 0 0 0 -1 1 0 0 3298.DAT
1 7 192 -100 -32 0 -1 0 0 0 -1 1 0 0 3069P09.DAT
0
1 0 152.725 -79.778 -32.017 0.136616 -0.972074 0.190809 -0.0265555 0.188952 0.981627 -0.990268 -0.139173 0 cop_arm_3fing.dat
1 0 157.844 -59.927 -40.796 0.042355 -0.972074 -0.23082 0.72457 0.188952 -0.662793 0.687898 -0.139173 0.712339 cop_arm_2fing.dat
0 Untitled
0 Name: lft4arm.dat
0 Author: MLCad
0 Unofficial Model
0 ROTATION CENTER 0 0 0 1 "Custom"
0 ROTATION CONFIG 0 1
1 0 151 -15 -88 0 -1 0 1 0 -1 1 0 1 2654.DAT
1 0 142 -41 -60 0 -1 0 1 0 -1 1 0 1 2654.DAT
1 7 154 -29 -73 0 -1 0 1 0 1 -1 0 1 3020.DAT
1 7 179 -35 -83 0 -1 0 1 0 1 -1 0 1 4070.DAT
1 7 175 -48 -69 0 -1 0 1 0 1 -1 0 1 4070.DAT
1 7 175 -33 -55 0 -1 0 -1 0 -1 1 0 -1 4070.DAT
1 7 180 -20 -70 0 -1 0 -1 0 -1 1 0 -1 4070.DAT
1 7 185 -35 -68 0 -1 0 1 0 1 -1 0 1 3020.DAT
1 8 170 3 -38 0 0 1 -1 -1 0 1 -1 0 2432.DAT
1 8 164 -56 -80 0 0 1 1 1 0 -1 1 0 3070P06.DAT
1 8 169 -43 -94 0 0 1 1 1 0 -1 1 0 3070P06.DAT
1 7 170 -54 -48 0 -1 0 1 0 -1 1 0 1 3700.DAT
1 7 184 -14 -91 0 -1 0 1 0 -1 1 0 1 3700.DAT
1 8 201 -39 -66 0 -1 0 1 0 -1 1 0 1 3960.DAT
0
0 Untitled
0 Name: palm.dat
0 Author: MLCad
0 Unofficial Model
0 ROTATION CENTER 0 0 0 1 "Custom"
0 ROTATION CONFIG 0 1
1 7 175 -11 -94 0 0 1 -1 1 0 -1 -1 0 3070.DAT
1 7 177 -6 -99 0 0 1 -1 1 0 -1 -1 0 3794.DAT
1 7 179 7 -98 0 0 1 -1 1 0 -1 -1 0 3005.DAT
1 7 184 16 -122 0 0 1 -1 1 0 -1 -1 0 970.DAT
0
0 Untitled
0 Name: thumb.dat
0 Author: MLCad
0 Unofficial Model
0 ROTATION CENTER 0 0 0 1 "Custom"
0 ROTATION CONFIG 0 1
1 7 178 -8 -112 0 0 1 -1 1 0 -1 -1 0 3040.DAT
0
0 Untitled
0 Name: llfing.dat
0 Author: Ben Vaughan
0 Unofficial Model
0 ROTATION CENTER 0 0 0 1 "Custom"
0 ROTATION CONFIG 0 1
1 7 187 23 -130 0 -1 0 -1 0 1 -1 0 -1 972.DAT
1 7 181 24 -145 1 0 0 0 1 1 0 -1 1 3023.DAT
0
0 Untitled
0 Name: rlfing.dat
0 Author: Ben Vaughan
0 Unofficial Model
0 ROTATION CENTER 0 0 0 1 "Custom"
0 ROTATION CONFIG 0 1
1 7 187 23 -130 0 -1 0 -1 0 1 -1 0 -1 971.DAT
1 7 181 38 -131 1 0 0 0 1 1 0 -1 1 3023.DAT
0
0 ROTSTEP 0 142 0 REL
0 Untitled
0 Name: cop_engine.dat
0 Author: MLCad
0 Unofficial Model
0 ROTATION CENTER 30 -46.6701 -50 1 "Custom"
0 ROTATION CONFIG 1 1
1 7 -32 -104 33 -1 0 0 0 1 0 0 0 -1 3894.DAT
1 7 -32 -112 33 -1 0 0 0 1 0 0 0 -1 3666.DAT
1 7 -82 -136 33 0 0 1 0 1 0 -1 0 0 3665.DAT
1 7 18 -136 33 0 0 -1 0 1 0 1 0 0 3665.DAT
1 7 -32 -136 33 1 0 0 0 1 0 0 0 1 3010.DAT
1 7 -32 -160 33 1 0 0 0 1 0 0 0 1 3702.DAT
1 7 -32 -168 33 1 0 0 0 1 0 0 0 1 3460.DAT
1 7 -32 -176 33 1 0 0 0 1 0 0 0 1 4162.DAT
1 0 -92 -150 23 0 0 1 0 1 0 -1 0 0 4459.DAT
1 0 28 -150 23 0 0 1 0 1 0 -1 0 0 4459.DAT
1 0 -12 -150 43 0 0 1 0 1 0 -1 0 0 4459.DAT
1 0 -52 -150 43 0 0 1 0 1 0 -1 0 0 4459.DAT
1 0 -32 -150 83 -1 0 0 0 0 -1 0 -1 0 3705.DAT
1 7 -12 -150 123 0 -1 0 0 0 -1 1 0 0 4274.DAT
1 7 -52 -150 123 0 -1 0 0 0 -1 1 0 0 4274.DAT
0
0 Untitled
0 Name: cop_nacelles.dat
0 Author: MLCad
0 Unofficial Model
0 ROTATION CENTER 0 0 0 1 "Custom"
0 ROTATION CONFIG 0 1
1 7 -62 -150 83 0 1 0 0 0 -1 -1 0 0 6222.DAT
1 7 -110 -150 83 0 1 0 0 0 -1 -1 0 0 3943.DAT
1 7 -118 -150 123 0 1 0 0 0 -1 -1 0 0 3795.DAT
1 7 -126 -150 123 0 1 0 0 0 -1 -1 0 0 3022.DAT
1 7 -134 -150 123 0 1 0 0 0 -1 -1 0 0 3961.DAT
1 7 -142 -150 123 0 1 0 0 0 -1 -1 0 0 4150P01.DAT
0
1 0 -52 -191 83 0 0 1 0 1 0 -1 0 0 cop_eng_cap.dat
1 0 -52.221 -108 82.931 0.515038 -0.857167 0 0 0 1 -0.857167 -0.515038 0 cop_arm_3fing.dat
1 0 -58.383 -91.982 93.14 -0.0622299 -0.861301 0.50427 -0.93358 -0.128428 -0.334565 0.352924 -0.491597 -0.796101 cop_arm_2fing.dat
1 0 -71.321 -88.996 98.763 -0.0622299 -0.861301 0.50427 -0.93358 -0.128428 -0.334565 0.352924 -0.491597 -0.796101 cop_eng_arms.dat
1 0 -11.69 -108 83.179 -0.515038 -0.857167 0 0 0 1 -0.857167 0.515038 0 cop_arm_3fing.dat
1 0 -5.536 -91.862 93.377 0.0622299 -0.861301 -0.50427 -0.93358 0.128428 -0.334565 0.352924 0.491597 -0.796101 cop_arm_2fing.dat
1 0 -6.372 -86.82 106.861 0.0622299 -0.861301 -0.50427 -0.93358 0.128428 -0.334565 0.352924 0.491597 -0.796101 cop_eng_arms.dat
1 0 -32 -94 45 0 -1 0 1 0 0 0 0 1 cop_arm_3fing.dat
1 0 -32 -84.236 64.513 0 -1 0 -0.601815 0 -0.798636 0.798636 0 -0.601815 cop_arm_2fing.dat
1 0 -32 -63.471 80.162 -0.707107 0 -0.707107 0.425548 -0.798636 -0.425548 -0.564721 -0.601815 0.564721 cop_eng_block.dat
1 0 -32 -44.303 94.604 -0.707107 0 -0.707107 0.425548 -0.798636 -0.425548 -0.564721 -0.601815 0.564721 cop_engpod.dat
1 0 -12 -191 83 0 0 1 0 1 0 -1 0 0 cop_eng_cap.dat
1 0 -2 -150 83 0 -1 0 0 0 1 -1 0 0 cop_nacelles.dat
0 ROTSTEP END
0
