0 Untitled
0 Name: spear.dat
0 Author: MLCad
0 Unofficial Model
0 ROTATION CENTER 0 0 0 1 "Custom"
0 ROTATION CONFIG 0 1
0 Technic Axle 10

0 Axle
0 Name: axle.dat
0 Author: James Jessiman
0 Original LDraw Primitive 2000-01

0 2000-04-23 SEB Added conditional edges along outermost diameters

5 8 100 6 0 -100 6 0 100 6 2 100 6 -2
5 8 100 0 6 -100 0 6 100 2 6 100 -2 6
5 8 100 -6 0 -100 -6 0 100 -6 -2 100 -6 2
5 8 100 0 -6 -100 0 -6 100 -2 -6 100 2 -6

2 8 100 6 0 100 6 2
2 8 100 6 2 100 2 2
2 8 100 2 2 100 2 6
2 8 100 2 6 100 0 6
2 8 100 -6 0 100 -6 2
2 8 100 -6 2 100 -2 2
2 8 100 -2 2 100 -2 6
2 8 100 -2 6 100 0 6
2 8 100 6 0 100 6 -2
2 8 100 6 -2 100 2 -2
2 8 100 2 -2 100 2 -6
2 8 100 2 -6 100 0 -6
2 8 100 -6 0 100 -6 -2
2 8 100 -6 -2 100 -2 -2
2 8 100 -2 -2 100 -2 -6
2 8 100 -2 -6 100 0 -6
2 8 -100 6 0 -100 6 2
2 8 -100 6 2 -100 2 2
2 8 -100 2 2 -100 2 6
2 8 -100 2 6 -100 0 6
2 8 -100 -6 0 -100 -6 2
2 8 -100 -6 2 -100 -2 2
2 8 -100 -2 2 -100 -2 6
2 8 -100 -2 6 -100 0 6
2 8 -100 6 0 -100 6 -2
2 8 -100 6 -2 -100 2 -2
2 8 -100 2 -2 -100 2 -6
2 8 -100 2 -6 -100 0 -6
2 8 -100 -6 0 -100 -6 -2
2 8 -100 -6 -2 -100 -2 -2
2 8 -100 -2 -2 -100 -2 -6
2 8 -100 -2 -6 -100 0 -6

2 8 100 6 2 -100 6 2
2 8 100 2 2 -100 2 2
2 8 100 2 6 -100 2 6
2 8 100 -6 2 -100 -6 2
2 8 100 -2 2 -100 -2 2
2 8 100 -2 6 -100 -2 6
2 8 100 6 -2 -100 6 -2
2 8 100 2 -2 -100 2 -2
2 8 100 2 -6 -100 2 -6
2 8 100 -6 -2 -100 -6 -2
2 8 100 -2 -2 -100 -2 -2
2 8 100 -2 -6 -100 -2 -6

4 0 100 6 0 100 6 2 -100 6 2 -100 6 0
4 0 100 6 2 100 2 2 -100 2 2 -100 6 2
4 0 100 2 2 100 2 6 -100 2 6 -100 2 2
4 0 100 2 6 100 0 6 -100 0 6 -100 2 6
4 0 100 -6 0 100 -6 2 -100 -6 2 -100 -6 0
4 0 100 -6 2 100 -2 2 -100 -2 2 -100 -6 2
4 0 100 -2 2 100 -2 6 -100 -2 6 -100 -2 2
4 0 100 -2 6 100 0 6 -100 0 6 -100 -2 6
4 0 100 6 0 100 6 -2 -100 6 -2 -100 6 0
4 0 100 6 -2 100 2 -2 -100 2 -2 -100 6 -2
4 0 100 2 -2 100 2 -6 -100 2 -6 -100 2 -2
4 0 100 2 -6 100 0 -6 -100 0 -6 -100 2 -6
4 0 100 -6 0 100 -6 -2 -100 -6 -2 -100 -6 0
4 0 100 -6 -2 100 -2 -2 -100 -2 -2 -100 -6 -2
4 0 100 -2 -2 100 -2 -6 -100 -2 -6 -100 -2 -2
4 0 100 -2 -6 100 0 -6 -100 0 -6 -100 -2 -6

4 0 100 6 0 100 6 2 100 2 2 100 0 0
4 0 100 -6 0 100 -6 2 100 -2 2 100 0 0
4 0 100 6 0 100 6 -2 100 2 -2 100 0 0
4 0 100 -6 0 100 -6 -2 100 -2 -2 100 0 0
4 0 100 0 6 100 2 6 100 2 2 100 0 0
4 0 100 0 6 100 -2 6 100 -2 2 100 0 0
4 0 100 0 -6 100 2 -6 100 2 -2 100 0 0
4 0 100 0 -6 100 -2 -6 100 -2 -2 100 0 0
4 0 -100 6 0 -100 6 2 -100 2 2 -100 0 0
4 0 -100 -6 0 -100 -6 2 -100 -2 2 -100 0 0
4 0 -100 6 0 -100 6 -2 -100 2 -2 -100 0 0
4 0 -100 -6 0 -100 -6 -2 -100 -2 -2 -100 0 0
4 0 -100 0 6 -100 2 6 -100 2 2 -100 0 0
4 0 -100 0 6 -100 -2 6 -100 -2 2 -100 0 0
4 0 -100 0 -6 -100 2 -6 -100 2 -2 -100 0 0
4 0 -100 0 -6 -100 -2 -6 -100 -2 -2 -100 0 0


0 Technic Axle 10

0 Axle
0 Name: axle.dat
0 Author: James Jessiman
0 Original LDraw Primitive 2000-01

0 2000-04-23 SEB Added conditional edges along outermost diameters

5 8 295 6 0 95 6 0 295 6 2 295 6 -2
5 8 295 0 6 95 0 6 295 2 6 295 -2 6
5 8 295 -6 0 95 -6 0 295 -6 -2 295 -6 2
5 8 295 0 -6 95 0 -6 295 -2 -6 295 2 -6

2 8 295 6 0 295 6 2
2 8 295 6 2 295 2 2
2 8 295 2 2 295 2 6
2 8 295 2 6 295 0 6
2 8 295 -6 0 295 -6 2
2 8 295 -6 2 295 -2 2
2 8 295 -2 2 295 -2 6
2 8 295 -2 6 295 0 6
2 8 295 6 0 295 6 -2
2 8 295 6 -2 295 2 -2
2 8 295 2 -2 295 2 -6
2 8 295 2 -6 295 0 -6
2 8 295 -6 0 295 -6 -2
2 8 295 -6 -2 295 -2 -2
2 8 295 -2 -2 295 -2 -6
2 8 295 -2 -6 295 0 -6
2 8 95 6 0 95 6 2
2 8 95 6 2 95 2 2
2 8 95 2 2 95 2 6
2 8 95 2 6 95 0 6
2 8 95 -6 0 95 -6 2
2 8 95 -6 2 95 -2 2
2 8 95 -2 2 95 -2 6
2 8 95 -2 6 95 0 6
2 8 95 6 0 95 6 -2
2 8 95 6 -2 95 2 -2
2 8 95 2 -2 95 2 -6
2 8 95 2 -6 95 0 -6
2 8 95 -6 0 95 -6 -2
2 8 95 -6 -2 95 -2 -2
2 8 95 -2 -2 95 -2 -6
2 8 95 -2 -6 95 0 -6

2 8 295 6 2 95 6 2
2 8 295 2 2 95 2 2
2 8 295 2 6 95 2 6
2 8 295 -6 2 95 -6 2
2 8 295 -2 2 95 -2 2
2 8 295 -2 6 95 -2 6
2 8 295 6 -2 95 6 -2
2 8 295 2 -2 95 2 -2
2 8 295 2 -6 95 2 -6
2 8 295 -6 -2 95 -6 -2
2 8 295 -2 -2 95 -2 -2
2 8 295 -2 -6 95 -2 -6

4 0 295 6 0 295 6 2 95 6 2 95 6 0
4 0 295 6 2 295 2 2 95 2 2 95 6 2
4 0 295 2 2 295 2 6 95 2 6 95 2 2
4 0 295 2 6 295 0 6 95 0 6 95 2 6
4 0 295 -6 0 295 -6 2 95 -6 2 95 -6 0
4 0 295 -6 2 295 -2 2 95 -2 2 95 -6 2
4 0 295 -2 2 295 -2 6 95 -2 6 95 -2 2
4 0 295 -2 6 295 0 6 95 0 6 95 -2 6
4 0 295 6 0 295 6 -2 95 6 -2 95 6 0
4 0 295 6 -2 295 2 -2 95 2 -2 95 6 -2
4 0 295 2 -2 295 2 -6 95 2 -6 95 2 -2
4 0 295 2 -6 295 0 -6 95 0 -6 95 2 -6
4 0 295 -6 0 295 -6 -2 95 -6 -2 95 -6 0
4 0 295 -6 -2 295 -2 -2 95 -2 -2 95 -6 -2
4 0 295 -2 -2 295 -2 -6 95 -2 -6 95 -2 -2
4 0 295 -2 -6 295 0 -6 95 0 -6 95 -2 -6

4 0 295 6 0 295 6 2 295 2 2 295 0 0
4 0 295 -6 0 295 -6 2 295 -2 2 295 0 0
4 0 295 6 0 295 6 -2 295 2 -2 295 0 0
4 0 295 -6 0 295 -6 -2 295 -2 -2 295 0 0
4 0 295 0 6 295 2 6 295 2 2 295 0 0
4 0 295 0 6 295 -2 6 295 -2 2 295 0 0
4 0 295 0 -6 295 2 -6 295 2 -2 295 0 0
4 0 295 0 -6 295 -2 -6 295 -2 -2 295 0 0
4 0 95 6 0 95 6 2 95 2 2 95 0 0
4 0 95 -6 0 95 -6 2 95 -2 2 95 0 0
4 0 95 6 0 95 6 -2 95 2 -2 95 0 0
4 0 95 -6 0 95 -6 -2 95 -2 -2 95 0 0
4 0 95 0 6 95 2 6 95 2 2 95 0 0
4 0 95 0 6 95 -2 6 95 -2 2 95 0 0
4 0 95 0 -6 95 2 -6 95 2 -2 95 0 0
4 0 95 0 -6 95 -2 -6 95 -2 -2 95 0 0


0 Technic Axle 10

0 Axle
0 Name: axle.dat
0 Author: James Jessiman
0 Original LDraw Primitive 2000-01

0 2000-04-23 SEB Added conditional edges along outermost diameters

5 8 -90 6 0 -290 6 0 -90 6 2 -90 6 -2
5 8 -90 0 6 -290 0 6 -90 2 6 -90 -2 6
5 8 -90 -6 0 -290 -6 0 -90 -6 -2 -90 -6 2
5 8 -90 0 -6 -290 0 -6 -90 -2 -6 -90 2 -6

2 8 -90 6 0 -90 6 2
2 8 -90 6 2 -90 2 2
2 8 -90 2 2 -90 2 6
2 8 -90 2 6 -90 0 6
2 8 -90 -6 0 -90 -6 2
2 8 -90 -6 2 -90 -2 2
2 8 -90 -2 2 -90 -2 6
2 8 -90 -2 6 -90 0 6
2 8 -90 6 0 -90 6 -2
2 8 -90 6 -2 -90 2 -2
2 8 -90 2 -2 -90 2 -6
2 8 -90 2 -6 -90 0 -6
2 8 -90 -6 0 -90 -6 -2
2 8 -90 -6 -2 -90 -2 -2
2 8 -90 -2 -2 -90 -2 -6
2 8 -90 -2 -6 -90 0 -6
2 8 -290 6 0 -290 6 2
2 8 -290 6 2 -290 2 2
2 8 -290 2 2 -290 2 6
2 8 -290 2 6 -290 0 6
2 8 -290 -6 0 -290 -6 2
2 8 -290 -6 2 -290 -2 2
2 8 -290 -2 2 -290 -2 6
2 8 -290 -2 6 -290 0 6
2 8 -290 6 0 -290 6 -2
2 8 -290 6 -2 -290 2 -2
2 8 -290 2 -2 -290 2 -6
2 8 -290 2 -6 -290 0 -6
2 8 -290 -6 0 -290 -6 -2
2 8 -290 -6 -2 -290 -2 -2
2 8 -290 -2 -2 -290 -2 -6
2 8 -290 -2 -6 -290 0 -6

2 8 -90 6 2 -290 6 2
2 8 -90 2 2 -290 2 2
2 8 -90 2 6 -290 2 6
2 8 -90 -6 2 -290 -6 2
2 8 -90 -2 2 -290 -2 2
2 8 -90 -2 6 -290 -2 6
2 8 -90 6 -2 -290 6 -2
2 8 -90 2 -2 -290 2 -2
2 8 -90 2 -6 -290 2 -6
2 8 -90 -6 -2 -290 -6 -2
2 8 -90 -2 -2 -290 -2 -2
2 8 -90 -2 -6 -290 -2 -6

4 0 -90 6 0 -90 6 2 -290 6 2 -290 6 0
4 0 -90 6 2 -90 2 2 -290 2 2 -290 6 2
4 0 -90 2 2 -90 2 6 -290 2 6 -290 2 2
4 0 -90 2 6 -90 0 6 -290 0 6 -290 2 6
4 0 -90 -6 0 -90 -6 2 -290 -6 2 -290 -6 0
4 0 -90 -6 2 -90 -2 2 -290 -2 2 -290 -6 2
4 0 -90 -2 2 -90 -2 6 -290 -2 6 -290 -2 2
4 0 -90 -2 6 -90 0 6 -290 0 6 -290 -2 6
4 0 -90 6 0 -90 6 -2 -290 6 -2 -290 6 0
4 0 -90 6 -2 -90 2 -2 -290 2 -2 -290 6 -2
4 0 -90 2 -2 -90 2 -6 -290 2 -6 -290 2 -2
4 0 -90 2 -6 -90 0 -6 -290 0 -6 -290 2 -6
4 0 -90 -6 0 -90 -6 -2 -290 -6 -2 -290 -6 0
4 0 -90 -6 -2 -90 -2 -2 -290 -2 -2 -290 -6 -2
4 0 -90 -2 -2 -90 -2 -6 -290 -2 -6 -290 -2 -2
4 0 -90 -2 -6 -90 0 -6 -290 0 -6 -290 -2 -6

4 0 -90 6 0 -90 6 2 -90 2 2 -90 0 0
4 0 -90 -6 0 -90 -6 2 -90 -2 2 -90 0 0
4 0 -90 6 0 -90 6 -2 -90 2 -2 -90 0 0
4 0 -90 -6 0 -90 -6 -2 -90 -2 -2 -90 0 0
4 0 -90 0 6 -90 2 6 -90 2 2 -90 0 0
4 0 -90 0 6 -90 -2 6 -90 -2 2 -90 0 0
4 0 -90 0 -6 -90 2 -6 -90 2 -2 -90 0 0
4 0 -90 0 -6 -90 -2 -6 -90 -2 -2 -90 0 0
4 0 -290 6 0 -290 6 2 -290 2 2 -290 0 0
4 0 -290 -6 0 -290 -6 2 -290 -2 2 -290 0 0
4 0 -290 6 0 -290 6 -2 -290 2 -2 -290 0 0
4 0 -290 -6 0 -290 -6 -2 -290 -2 -2 -290 0 0
4 0 -290 0 6 -290 2 6 -290 2 2 -290 0 0
4 0 -290 0 6 -290 -2 6 -290 -2 2 -290 0 0
4 0 -290 0 -6 -290 2 -6 -290 2 -2 -290 0 0
4 0 -290 0 -6 -290 -2 -6 -290 -2 -2 -290 0 0


0 Technic Axle 10

0 Axle
0 Name: axle.dat
0 Author: James Jessiman
0 Original LDraw Primitive 2000-01

0 2000-04-23 SEB Added conditional edges along outermost diameters

5 8 -285 6 0 -485 6 0 -285 6 2 -285 6 -2
5 8 -285 0 6 -485 0 6 -285 2 6 -285 -2 6
5 8 -285 -6 0 -485 -6 0 -285 -6 -2 -285 -6 2
5 8 -285 0 -6 -485 0 -6 -285 -2 -6 -285 2 -6

2 8 -285 6 0 -285 6 2
2 8 -285 6 2 -285 2 2
2 8 -285 2 2 -285 2 6
2 8 -285 2 6 -285 0 6
2 8 -285 -6 0 -285 -6 2
2 8 -285 -6 2 -285 -2 2
2 8 -285 -2 2 -285 -2 6
2 8 -285 -2 6 -285 0 6
2 8 -285 6 0 -285 6 -2
2 8 -285 6 -2 -285 2 -2
2 8 -285 2 -2 -285 2 -6
2 8 -285 2 -6 -285 0 -6
2 8 -285 -6 0 -285 -6 -2
2 8 -285 -6 -2 -285 -2 -2
2 8 -285 -2 -2 -285 -2 -6
2 8 -285 -2 -6 -285 0 -6
2 8 -485 6 0 -485 6 2
2 8 -485 6 2 -485 2 2
2 8 -485 2 2 -485 2 6
2 8 -485 2 6 -485 0 6
2 8 -485 -6 0 -485 -6 2
2 8 -485 -6 2 -485 -2 2
2 8 -485 -2 2 -485 -2 6
2 8 -485 -2 6 -485 0 6
2 8 -485 6 0 -485 6 -2
2 8 -485 6 -2 -485 2 -2
2 8 -485 2 -2 -485 2 -6
2 8 -485 2 -6 -485 0 -6
2 8 -485 -6 0 -485 -6 -2
2 8 -485 -6 -2 -485 -2 -2
2 8 -485 -2 -2 -485 -2 -6
2 8 -485 -2 -6 -485 0 -6

2 8 -285 6 2 -485 6 2
2 8 -285 2 2 -485 2 2
2 8 -285 2 6 -485 2 6
2 8 -285 -6 2 -485 -6 2
2 8 -285 -2 2 -485 -2 2
2 8 -285 -2 6 -485 -2 6
2 8 -285 6 -2 -485 6 -2
2 8 -285 2 -2 -485 2 -2
2 8 -285 2 -6 -485 2 -6
2 8 -285 -6 -2 -485 -6 -2
2 8 -285 -2 -2 -485 -2 -2
2 8 -285 -2 -6 -485 -2 -6

4 0 -285 6 0 -285 6 2 -485 6 2 -485 6 0
4 0 -285 6 2 -285 2 2 -485 2 2 -485 6 2
4 0 -285 2 2 -285 2 6 -485 2 6 -485 2 2
4 0 -285 2 6 -285 0 6 -485 0 6 -485 2 6
4 0 -285 -6 0 -285 -6 2 -485 -6 2 -485 -6 0
4 0 -285 -6 2 -285 -2 2 -485 -2 2 -485 -6 2
4 0 -285 -2 2 -285 -2 6 -485 -2 6 -485 -2 2
4 0 -285 -2 6 -285 0 6 -485 0 6 -485 -2 6
4 0 -285 6 0 -285 6 -2 -485 6 -2 -485 6 0
4 0 -285 6 -2 -285 2 -2 -485 2 -2 -485 6 -2
4 0 -285 2 -2 -285 2 -6 -485 2 -6 -485 2 -2
4 0 -285 2 -6 -285 0 -6 -485 0 -6 -485 2 -6
4 0 -285 -6 0 -285 -6 -2 -485 -6 -2 -485 -6 0
4 0 -285 -6 -2 -285 -2 -2 -485 -2 -2 -485 -6 -2
4 0 -285 -2 -2 -285 -2 -6 -485 -2 -6 -485 -2 -2
4 0 -285 -2 -6 -285 0 -6 -485 0 -6 -485 -2 -6

4 0 -285 6 0 -285 6 2 -285 2 2 -285 0 0
4 0 -285 -6 0 -285 -6 2 -285 -2 2 -285 0 0
4 0 -285 6 0 -285 6 -2 -285 2 -2 -285 0 0
4 0 -285 -6 0 -285 -6 -2 -285 -2 -2 -285 0 0
4 0 -285 0 6 -285 2 6 -285 2 2 -285 0 0
4 0 -285 0 6 -285 -2 6 -285 -2 2 -285 0 0
4 0 -285 0 -6 -285 2 -6 -285 2 -2 -285 0 0
4 0 -285 0 -6 -285 -2 -6 -285 -2 -2 -285 0 0
4 0 -485 6 0 -485 6 2 -485 2 2 -485 0 0
4 0 -485 -6 0 -485 -6 2 -485 -2 2 -485 0 0
4 0 -485 6 0 -485 6 -2 -485 2 -2 -485 0 0
4 0 -485 -6 0 -485 -6 -2 -485 -2 -2 -485 0 0
4 0 -485 0 6 -485 2 6 -485 2 2 -485 0 0
4 0 -485 0 6 -485 -2 6 -485 -2 2 -485 0 0
4 0 -485 0 -6 -485 2 -6 -485 2 -2 -485 0 0
4 0 -485 0 -6 -485 -2 -6 -485 -2 -2 -485 0 0


0 Technic Axle 10

0 Axle
0 Name: axle.dat
0 Author: James Jessiman
0 Original LDraw Primitive 2000-01

0 2000-04-23 SEB Added conditional edges along outermost diameters

5 8 -470 6 0 -670 6 0 -470 6 2 -470 6 -2
5 8 -470 0 6 -670 0 6 -470 2 6 -470 -2 6
5 8 -470 -6 0 -670 -6 0 -470 -6 -2 -470 -6 2
5 8 -470 0 -6 -670 0 -6 -470 -2 -6 -470 2 -6

2 8 -470 6 0 -470 6 2
2 8 -470 6 2 -470 2 2
2 8 -470 2 2 -470 2 6
2 8 -470 2 6 -470 0 6
2 8 -470 -6 0 -470 -6 2
2 8 -470 -6 2 -470 -2 2
2 8 -470 -2 2 -470 -2 6
2 8 -470 -2 6 -470 0 6
2 8 -470 6 0 -470 6 -2
2 8 -470 6 -2 -470 2 -2
2 8 -470 2 -2 -470 2 -6
2 8 -470 2 -6 -470 0 -6
2 8 -470 -6 0 -470 -6 -2
2 8 -470 -6 -2 -470 -2 -2
2 8 -470 -2 -2 -470 -2 -6
2 8 -470 -2 -6 -470 0 -6
2 8 -670 6 0 -670 6 2
2 8 -670 6 2 -670 2 2
2 8 -670 2 2 -670 2 6
2 8 -670 2 6 -670 0 6
2 8 -670 -6 0 -670 -6 2
2 8 -670 -6 2 -670 -2 2
2 8 -670 -2 2 -670 -2 6
2 8 -670 -2 6 -670 0 6
2 8 -670 6 0 -670 6 -2
2 8 -670 6 -2 -670 2 -2
2 8 -670 2 -2 -670 2 -6
2 8 -670 2 -6 -670 0 -6
2 8 -670 -6 0 -670 -6 -2
2 8 -670 -6 -2 -670 -2 -2
2 8 -670 -2 -2 -670 -2 -6
2 8 -670 -2 -6 -670 0 -6

2 8 -470 6 2 -670 6 2
2 8 -470 2 2 -670 2 2
2 8 -470 2 6 -670 2 6
2 8 -470 -6 2 -670 -6 2
2 8 -470 -2 2 -670 -2 2
2 8 -470 -2 6 -670 -2 6
2 8 -470 6 -2 -670 6 -2
2 8 -470 2 -2 -670 2 -2
2 8 -470 2 -6 -670 2 -6
2 8 -470 -6 -2 -670 -6 -2
2 8 -470 -2 -2 -670 -2 -2
2 8 -470 -2 -6 -670 -2 -6

4 0 -470 6 0 -470 6 2 -670 6 2 -670 6 0
4 0 -470 6 2 -470 2 2 -670 2 2 -670 6 2
4 0 -470 2 2 -470 2 6 -670 2 6 -670 2 2
4 0 -470 2 6 -470 0 6 -670 0 6 -670 2 6
4 0 -470 -6 0 -470 -6 2 -670 -6 2 -670 -6 0
4 0 -470 -6 2 -470 -2 2 -670 -2 2 -670 -6 2
4 0 -470 -2 2 -470 -2 6 -670 -2 6 -670 -2 2
4 0 -470 -2 6 -470 0 6 -670 0 6 -670 -2 6
4 0 -470 6 0 -470 6 -2 -670 6 -2 -670 6 0
4 0 -470 6 -2 -470 2 -2 -670 2 -2 -670 6 -2
4 0 -470 2 -2 -470 2 -6 -670 2 -6 -670 2 -2
4 0 -470 2 -6 -470 0 -6 -670 0 -6 -670 2 -6
4 0 -470 -6 0 -470 -6 -2 -670 -6 -2 -670 -6 0
4 0 -470 -6 -2 -470 -2 -2 -670 -2 -2 -670 -6 -2
4 0 -470 -2 -2 -470 -2 -6 -670 -2 -6 -670 -2 -2
4 0 -470 -2 -6 -470 0 -6 -670 0 -6 -670 -2 -6

4 0 -470 6 0 -470 6 2 -470 2 2 -470 0 0
4 0 -470 -6 0 -470 -6 2 -470 -2 2 -470 0 0
4 0 -470 6 0 -470 6 -2 -470 2 -2 -470 0 0
4 0 -470 -6 0 -470 -6 -2 -470 -2 -2 -470 0 0
4 0 -470 0 6 -470 2 6 -470 2 2 -470 0 0
4 0 -470 0 6 -470 -2 6 -470 -2 2 -470 0 0
4 0 -470 0 -6 -470 2 -6 -470 2 -2 -470 0 0
4 0 -470 0 -6 -470 -2 -6 -470 -2 -2 -470 0 0
4 0 -670 6 0 -670 6 2 -670 2 2 -670 0 0
4 0 -670 -6 0 -670 -6 2 -670 -2 2 -670 0 0
4 0 -670 6 0 -670 6 -2 -670 2 -2 -670 0 0
4 0 -670 -6 0 -670 -6 -2 -670 -2 -2 -670 0 0
4 0 -670 0 6 -670 2 6 -670 2 2 -670 0 0
4 0 -670 0 6 -670 -2 6 -670 -2 2 -670 0 0
4 0 -670 0 -6 -670 2 -6 -670 2 -2 -670 0 0
4 0 -670 0 -6 -670 -2 -6 -670 -2 -2 -670 0 0


0 Cone  1 x  1
0 Name: 4589.dat
0 Author: James Jessiman
0 Official LCad Part 2000-01

0 1999-Mar-01 SEB Replaced conic code with primitives. Cleaned up format.

0 CATEGORY Cone
0 KEYWORDS round, pylon, 299.dat

0 Peg Hole End

0 Official LCad update 98-10

2 8 -663 8 0 -663 7 -3
2 8 -663 7 -3 -663 6 -6
2 8 -663 6 -6 -663 3 -7
2 8 -663 3 -7 -663 0 -8
2 8 -663 0 -8 -663 -3 -7
2 8 -663 -3 -7 -663 -6 -6
2 8 -663 -6 -6 -663 -7 -3
2 8 -663 -7 -3 -663 -8 0
2 8 -663 -8 0 -663 -7 3
2 8 -663 -7 3 -663 -6 6
2 8 -663 -6 6 -663 -3 7
2 8 -663 -3 7 -663 0 8
2 8 -663 0 8 -663 3 7
2 8 -663 3 7 -663 6 6
2 8 -663 6 6 -663 7 3
2 8 -663 7 3 -663 8 0

0 Official LCad update 98-10

2 8 -659 8 0 -659 7 -3
2 8 -659 7 -3 -659 6 -6
2 8 -659 6 -6 -659 3 -7
2 8 -659 3 -7 -659 0 -8
2 8 -659 0 -8 -659 -3 -7
2 8 -659 -3 -7 -659 -6 -6
2 8 -659 -6 -6 -659 -7 -3
2 8 -659 -7 -3 -659 -8 0
2 8 -659 -8 0 -659 -7 3
2 8 -659 -7 3 -659 -6 6
2 8 -659 -6 6 -659 -3 7
2 8 -659 -3 7 -659 0 8
2 8 -659 0 8 -659 3 7
2 8 -659 3 7 -659 6 6
2 8 -659 6 6 -659 7 3
2 8 -659 7 3 -659 8 0

0 Official LCad update 98-10

2 8 -659 6 0 -659 6 -2
2 8 -659 6 -2 -659 4 -4
2 8 -659 4 -4 -659 2 -6
2 8 -659 2 -6 -659 0 -6
2 8 -659 0 -6 -659 -2 -6
2 8 -659 -2 -6 -659 -4 -4
2 8 -659 -4 -4 -659 -6 -2
2 8 -659 -6 -2 -659 -6 0
2 8 -659 -6 0 -659 -6 2
2 8 -659 -6 2 -659 -4 4
2 8 -659 -4 4 -659 -2 6
2 8 -659 -2 6 -659 0 6
2 8 -659 0 6 -659 2 6
2 8 -659 2 6 -659 4 4
2 8 -659 4 4 -659 6 2
2 8 -659 6 2 -659 6 0

0 Official LCad update 98-10

4 7 -663 8 0 -663 7 -3 -659 7 -3 -659 8 0
5 8 -663 8 0 -659 8 0 -663 7 -3 -663 7 3
4 7 -663 7 -3 -663 6 -6 -659 6 -6 -659 7 -3
5 8 -663 7 -3 -659 7 -3 -663 6 -6 -663 8 0
4 7 -663 6 -6 -663 3 -7 -659 3 -7 -659 6 -6
5 8 -663 6 -6 -659 6 -6 -663 3 -7 -663 7 -3
4 7 -663 3 -7 -663 0 -8 -659 0 -8 -659 3 -7
5 8 -663 3 -7 -659 3 -7 -663 0 -8 -663 6 -6
4 7 -663 0 -8 -663 -3 -7 -659 -3 -7 -659 0 -8
5 8 -663 0 -8 -659 0 -8 -663 -3 -7 -663 3 -7
4 7 -663 -3 -7 -663 -6 -6 -659 -6 -6 -659 -3 -7
5 8 -663 -3 -7 -659 -3 -7 -663 -6 -6 -663 0 -8
4 7 -663 -6 -6 -663 -7 -3 -659 -7 -3 -659 -6 -6
5 8 -663 -6 -6 -659 -6 -6 -663 -7 -3 -663 -3 -7
4 7 -663 -7 -3 -663 -8 0 -659 -8 0 -659 -7 -3
5 8 -663 -7 -3 -659 -7 -3 -663 -8 0 -663 -6 -6
4 7 -663 -8 0 -663 -7 3 -659 -7 3 -659 -8 0
5 8 -663 -8 0 -659 -8 0 -663 -7 3 -663 -7 -3
4 7 -663 -7 3 -663 -6 6 -659 -6 6 -659 -7 3
5 8 -663 -7 3 -659 -7 3 -663 -6 6 -663 -8 0
4 7 -663 -6 6 -663 -3 7 -659 -3 7 -659 -6 6
5 8 -663 -6 6 -659 -6 6 -663 -3 7 -663 -7 3
4 7 -663 -3 7 -663 0 8 -659 0 8 -659 -3 7
5 8 -663 -3 7 -659 -3 7 -663 0 8 -663 -6 6
4 7 -663 0 8 -663 3 7 -659 3 7 -659 0 8
5 8 -663 0 8 -659 0 8 -663 3 7 -663 -3 7
4 7 -663 3 7 -663 6 6 -659 6 6 -659 3 7
5 8 -663 3 7 -659 3 7 -663 6 6 -663 0 8
4 7 -663 6 6 -663 7 3 -659 7 3 -659 6 6
5 8 -663 6 6 -659 6 6 -663 7 3 -663 3 7
4 7 -663 7 3 -663 8 0 -659 8 0 -659 7 3
5 8 -663 7 3 -659 7 3 -663 8 0 -663 6 6


4 7 -659 0 -6 -659 -2 -6 -659 -3 -7 -659 0 -8
4 7 -659 -2 -6 -659 -4 -4 -659 -6 -6 -659 -3 -7
4 7 -659 -4 -4 -659 -6 -2 -659 -7 -3 -659 -6 -6
4 7 -659 -6 -2 -659 -6 0 -659 -8 0 -659 -7 -3
4 7 -659 -6 0 -659 -6 2 -659 -7 3 -659 -8 0
4 7 -659 -6 2 -659 -4 4 -659 -6 6 -659 -7 3
4 7 -659 -4 4 -659 -2 6 -659 -3 7 -659 -6 6
4 7 -659 -2 6 -659 0 6 -659 0 8 -659 -3 7
4 7 -659 0 6 -659 2 6 -659 3 7 -659 0 8
4 7 -659 2 6 -659 4 4 -659 6 6 -659 3 7
4 7 -659 4 4 -659 6 2 -659 7 3 -659 6 6
4 7 -659 6 2 -659 6 0 -659 8 0 -659 7 3
4 7 -659 6 0 -659 6 -2 -659 7 -3 -659 8 0
4 7 -659 6 -2 -659 4 -4 -659 6 -6 -659 7 -3
4 7 -659 4 -4 -659 2 -6 -659 3 -7 -659 6 -6
4 7 -659 2 -6 -659 0 -6 -659 0 -8 -659 3 -7


0 Official LCad update 98-10

4 7 -664 6 0 -664 6 -2 -658 6 -2 -658 6 0
5 8 -664 6 0 -658 6 0 -664 6 -2 -664 6 2
4 7 -664 6 -2 -664 4 -4 -658 4 -4 -658 6 -2
5 8 -664 6 -2 -658 6 -2 -664 4 -4 -664 6 0
4 7 -664 4 -4 -664 2 -6 -658 2 -6 -658 4 -4
5 8 -664 4 -4 -658 4 -4 -664 2 -6 -664 6 -2
4 7 -664 2 -6 -664 0 -6 -658 0 -6 -658 2 -6
5 8 -664 2 -6 -658 2 -6 -664 0 -6 -664 4 -4
4 7 -664 0 -6 -664 -2 -6 -658 -2 -6 -658 0 -6
5 8 -664 0 -6 -658 0 -6 -664 -2 -6 -664 2 -6
4 7 -664 -2 -6 -664 -4 -4 -658 -4 -4 -658 -2 -6
5 8 -664 -2 -6 -658 -2 -6 -664 -4 -4 -664 0 -6
4 7 -664 -4 -4 -664 -6 -2 -658 -6 -2 -658 -4 -4
5 8 -664 -4 -4 -658 -4 -4 -664 -6 -2 -664 -2 -6
4 7 -664 -6 -2 -664 -6 0 -658 -6 0 -658 -6 -2
5 8 -664 -6 -2 -658 -6 -2 -664 -6 0 -664 -4 -4
4 7 -664 -6 0 -664 -6 2 -658 -6 2 -658 -6 0
5 8 -664 -6 0 -658 -6 0 -664 -6 2 -664 -6 -2
4 7 -664 -6 2 -664 -4 4 -658 -4 4 -658 -6 2
5 8 -664 -6 2 -658 -6 2 -664 -4 4 -664 -6 0
4 7 -664 -4 4 -664 -2 6 -658 -2 6 -658 -4 4
5 8 -664 -4 4 -658 -4 4 -664 -2 6 -664 -6 2
4 7 -664 -2 6 -664 0 6 -658 0 6 -658 -2 6
5 8 -664 -2 6 -658 -2 6 -664 0 6 -664 -4 4
4 7 -664 0 6 -664 2 6 -658 2 6 -658 0 6
5 8 -664 0 6 -658 0 6 -664 2 6 -664 -2 6
4 7 -664 2 6 -664 4 4 -658 4 4 -658 2 6
5 8 -664 2 6 -658 2 6 -664 4 4 -664 0 6
4 7 -664 4 4 -664 6 2 -658 6 2 -658 4 4
5 8 -664 4 4 -658 4 4 -664 6 2 -664 2 6
4 7 -664 6 2 -664 6 0 -658 6 0 -658 6 2
5 8 -664 6 2 -658 6 2 -664 6 0 -664 4 4

0 Axle Hole
0 Name: axlehole.dat
0 Author: James Jessiman
0 Original LDraw Primitive 2000-01

0 2000-04-23 SEB Added conditional edges along outermost diameters

5 8 -670 6 0 -664 6 0 -670 6 -2 -670 6 2
5 8 -670 0 -6 -664 0 -6 -670 2 -6 -670 -2 -6
5 8 -670 -6 0 -664 -6 0 -670 -6 2 -670 -6 -2
5 8 -670 0 6 -664 0 6 -670 -2 6 -670 2 6

0 2 24 6    0 0    5.52 0 2.28
0 2 24 5.52 0 2.28 4.26 0 4.26
0 2 24 4.26 0 4.26 2.28 0 5.52
0 2 24 2.28 0 5.52 0    0 6


0 2 24 6    0 0    5.58 0 2
2 8 -670 6 -2 -670 2 -2
2 8 -670 2 -2 -670 2 -6
0 2 24 2    0 5.58 0    0 6
0 2 24 -6    0 0    -5.58 0 2
2 8 -670 -6 -2 -670 -2 -2
2 8 -670 -2 -2 -670 -2 -6
0 2 24 -2    0 5.58 -0    0 6
0 2 24 6    0 -0    5.58 0 -2
2 8 -670 6 2 -670 2 2
2 8 -670 2 2 -670 2 6
0 2 24 2    0 -5.58 0    0 -6
0 2 24 -6    0 -0    -5.58 0 -2
2 8 -670 -6 2 -670 -2 2
2 8 -670 -2 2 -670 -2 6
0 2 24 -2    0 -5.58 -0    0 -6
0 2 24 6    1 0    5.58 1 2
2 8 -664 6 -2 -664 2 -2
2 8 -664 2 -2 -664 2 -6
0 2 24 2    1 5.58 0    1 6
0 2 24 -6    1 0    -5.58 1 2
2 8 -664 -6 -2 -664 -2 -2
2 8 -664 -2 -2 -664 -2 -6
0 2 24 -2    1 5.58 -0    1 6
0 2 24 6    1 -0    5.58 1 -2
2 8 -664 6 2 -664 2 2
2 8 -664 2 2 -664 2 6
0 2 24 2    1 -5.58 0    1 -6
0 2 24 -6    1 -0    -5.58 1 -2
2 8 -664 -6 2 -664 -2 2
2 8 -664 -2 2 -664 -2 6
0 2 24 -2    1 -5.58 -0    1 -6

2 8 -670 6 -2 -664 6 -2
2 8 -670 2 -2 -664 2 -2
2 8 -670 2 -6 -664 2 -6
2 8 -670 -6 -2 -664 -6 -2
2 8 -670 -2 -2 -664 -2 -2
2 8 -670 -2 -6 -664 -2 -6
2 8 -670 6 2 -664 6 2
2 8 -670 2 2 -664 2 2
2 8 -670 2 6 -664 2 6
2 8 -670 -6 2 -664 -6 2
2 8 -670 -2 2 -664 -2 2
2 8 -670 -2 6 -664 -2 6

4 7 -670 6 0 -670 6 -2 -664 6 -2 -664 6 0
4 7 -670 6 -2 -670 2 -2 -664 2 -2 -664 6 -2
4 7 -670 2 -2 -670 2 -6 -664 2 -6 -664 2 -2
4 7 -670 2 -6 -670 0 -6 -664 0 -6 -664 2 -6
4 7 -670 -6 0 -670 -6 -2 -664 -6 -2 -664 -6 0
4 7 -670 -6 -2 -670 -2 -2 -664 -2 -2 -664 -6 -2
4 7 -670 -2 -2 -670 -2 -6 -664 -2 -6 -664 -2 -2
4 7 -670 -2 -6 -670 0 -6 -664 0 -6 -664 -2 -6
4 7 -670 6 0 -670 6 2 -664 6 2 -664 6 0
4 7 -670 6 2 -670 2 2 -664 2 2 -664 6 2
4 7 -670 2 2 -670 2 6 -664 2 6 -664 2 2
4 7 -670 2 6 -670 0 6 -664 0 6 -664 2 6
4 7 -670 -6 0 -670 -6 2 -664 -6 2 -664 -6 0
4 7 -670 -6 2 -670 -2 2 -664 -2 2 -664 -6 2
4 7 -670 -2 2 -670 -2 6 -664 -2 6 -664 -2 2
4 7 -670 -2 6 -670 0 6 -664 0 6 -664 -2 6

3 7 -670 6 -2 -670 6 -2 -670 2 -2
3 7 -670 6 -2 -670 4 -4 -670 2 -2
3 7 -670 4 -4 -670 2 -6 -670 2 -2
3 7 -670 2 -6 -670 2 -6 -670 2 -2
3 7 -670 -6 -2 -670 -6 -2 -670 -2 -2
3 7 -670 -6 -2 -670 -4 -4 -670 -2 -2
3 7 -670 -4 -4 -670 -2 -6 -670 -2 -2
3 7 -670 -2 -6 -670 -2 -6 -670 -2 -2
3 7 -670 6 2 -670 6 2 -670 2 2
3 7 -670 6 2 -670 4 4 -670 2 2
3 7 -670 4 4 -670 2 6 -670 2 2
3 7 -670 2 6 -670 2 6 -670 2 2
3 7 -670 -6 2 -670 -6 2 -670 -2 2
3 7 -670 -6 2 -670 -4 4 -670 -2 2
3 7 -670 -4 4 -670 -2 6 -670 -2 2
3 7 -670 -2 6 -670 -2 6 -670 -2 2
3 7 -664 6 -2 -664 6 -2 -664 2 -2
3 7 -664 6 -2 -664 4 -4 -664 2 -2
3 7 -664 4 -4 -664 2 -6 -664 2 -2
3 7 -664 2 -6 -664 2 -6 -664 2 -2
3 7 -664 -6 -2 -664 -6 -2 -664 -2 -2
3 7 -664 -6 -2 -664 -4 -4 -664 -2 -2
3 7 -664 -4 -4 -664 -2 -6 -664 -2 -2
3 7 -664 -2 -6 -664 -2 -6 -664 -2 -2
3 7 -664 6 2 -664 6 2 -664 2 2
3 7 -664 6 2 -664 4 4 -664 2 2
3 7 -664 4 4 -664 2 6 -664 2 2
3 7 -664 2 6 -664 2 6 -664 2 2
3 7 -664 -6 2 -664 -6 2 -664 -2 2
3 7 -664 -6 2 -664 -4 4 -664 -2 2
3 7 -664 -4 4 -664 -2 6 -664 -2 2
3 7 -664 -2 6 -664 -2 6 -664 -2 2

0 Axle Hole Edge 1

2 8 -670 6 0 -670 6 -2
2 8 -670 2 -6 -670 0 -6
2 8 -670 -6 0 -670 -6 -2
2 8 -670 -2 -6 -670 0 -6
2 8 -670 6 0 -670 6 2
2 8 -670 2 6 -670 0 6
2 8 -670 -6 0 -670 -6 2
2 8 -670 -2 6 -670 0 6

0 Axle Hole Edge 2

2 8 -664 6 -2 -664 6 -2
2 8 -664 6 -2 -664 4 -4
2 8 -664 4 -4 -664 2 -6
2 8 -664 2 -6 -664 2 -6
2 8 -664 -6 -2 -664 -6 -2
2 8 -664 -6 -2 -664 -4 -4
2 8 -664 -4 -4 -664 -2 -6
2 8 -664 -2 -6 -664 -2 -6
2 8 -664 6 2 -664 6 2
2 8 -664 6 2 -664 4 4
2 8 -664 4 4 -664 2 6
2 8 -664 2 6 -664 2 6
2 8 -664 -6 2 -664 -6 2
2 8 -664 -6 2 -664 -4 4
2 8 -664 -4 4 -664 -2 6
2 8 -664 -2 6 -664 -2 6

0 Official LCad update 98-10

2 8 -670 4 0 -670 4 -2
2 8 -670 4 -2 -670 3 -3
2 8 -670 3 -3 -670 2 -4
2 8 -670 2 -4 -670 0 -4
2 8 -670 0 -4 -670 -2 -4
2 8 -670 -2 -4 -670 -3 -3
2 8 -670 -3 -3 -670 -4 -2
2 8 -670 -4 -2 -670 -4 0
2 8 -670 -4 0 -670 -4 2
2 8 -670 -4 2 -670 -3 3
2 8 -670 -3 3 -670 -2 4
2 8 -670 -2 4 -670 0 4
2 8 -670 0 4 -670 2 4
2 8 -670 2 4 -670 3 3
2 8 -670 3 3 -670 4 2
2 8 -670 4 2 -670 4 0

0 Official LCad update 98-10

2 8 -663 10 0 -663 9 -4
2 8 -663 9 -4 -663 7 -7
2 8 -663 7 -7 -663 4 -9
2 8 -663 4 -9 -663 0 -10
2 8 -663 0 -10 -663 -4 -9
2 8 -663 -4 -9 -663 -7 -7
2 8 -663 -7 -7 -663 -9 -4
2 8 -663 -9 -4 -663 -10 0
2 8 -663 -10 0 -663 -9 4
2 8 -663 -9 4 -663 -7 7
2 8 -663 -7 7 -663 -4 9
2 8 -663 -4 9 -663 0 10
2 8 -663 0 10 -663 4 9
2 8 -663 4 9 -663 7 7
2 8 -663 7 7 -663 9 4
2 8 -663 9 4 -663 10 0

0 Official LCad update 98-10

2 8 -682 6 0 -682 6 -2
2 8 -682 6 -2 -682 4 -4
2 8 -682 4 -4 -682 2 -6
2 8 -682 2 -6 -682 0 -6
2 8 -682 0 -6 -682 -2 -6
2 8 -682 -2 -6 -682 -4 -4
2 8 -682 -4 -4 -682 -6 -2
2 8 -682 -6 -2 -682 -6 0
2 8 -682 -6 0 -682 -6 2
2 8 -682 -6 2 -682 -4 4
2 8 -682 -4 4 -682 -2 6
2 8 -682 -2 6 -682 0 6
2 8 -682 0 6 -682 2 6
2 8 -682 2 6 -682 4 4
2 8 -682 4 4 -682 6 2
2 8 -682 6 2 -682 6 0

0 Official LCad update 98-10

4 7 -682 4 0 -682 4 -2 -670 4 -2 -670 4 0
5 8 -682 4 0 -670 4 0 -682 4 -2 -682 4 2
4 7 -682 4 -2 -682 3 -3 -670 3 -3 -670 4 -2
5 8 -682 4 -2 -670 4 -2 -682 3 -3 -682 4 0
4 7 -682 3 -3 -682 2 -4 -670 2 -4 -670 3 -3
5 8 -682 3 -3 -670 3 -3 -682 2 -4 -682 4 -2
4 7 -682 2 -4 -682 0 -4 -670 0 -4 -670 2 -4
5 8 -682 2 -4 -670 2 -4 -682 0 -4 -682 3 -3
4 7 -682 0 -4 -682 -2 -4 -670 -2 -4 -670 0 -4
5 8 -682 0 -4 -670 0 -4 -682 -2 -4 -682 2 -4
4 7 -682 -2 -4 -682 -3 -3 -670 -3 -3 -670 -2 -4
5 8 -682 -2 -4 -670 -2 -4 -682 -3 -3 -682 0 -4
4 7 -682 -3 -3 -682 -4 -2 -670 -4 -2 -670 -3 -3
5 8 -682 -3 -3 -670 -3 -3 -682 -4 -2 -682 -2 -4
4 7 -682 -4 -2 -682 -4 0 -670 -4 0 -670 -4 -2
5 8 -682 -4 -2 -670 -4 -2 -682 -4 0 -682 -3 -3
4 7 -682 -4 0 -682 -4 2 -670 -4 2 -670 -4 0
5 8 -682 -4 0 -670 -4 0 -682 -4 2 -682 -4 -2
4 7 -682 -4 2 -682 -3 3 -670 -3 3 -670 -4 2
5 8 -682 -4 2 -670 -4 2 -682 -3 3 -682 -4 0
4 7 -682 -3 3 -682 -2 4 -670 -2 4 -670 -3 3
5 8 -682 -3 3 -670 -3 3 -682 -2 4 -682 -4 2
4 7 -682 -2 4 -682 0 4 -670 0 4 -670 -2 4
5 8 -682 -2 4 -670 -2 4 -682 0 4 -682 -3 3
4 7 -682 0 4 -682 2 4 -670 2 4 -670 0 4
5 8 -682 0 4 -670 0 4 -682 2 4 -682 -2 4
4 7 -682 2 4 -682 3 3 -670 3 3 -670 2 4
5 8 -682 2 4 -670 2 4 -682 3 3 -682 0 4
4 7 -682 3 3 -682 4 2 -670 4 2 -670 3 3
5 8 -682 3 3 -670 3 3 -682 4 2 -682 2 4
4 7 -682 4 2 -682 4 0 -670 4 0 -670 4 2
5 8 -682 4 2 -670 4 2 -682 4 0 -682 3 3

0 Official LCad update 98-10

4 7 -670 0 -4 -670 -2 -4 -670 -2 -6 -670 0 -6
4 7 -670 -2 -4 -670 -3 -3 -670 -4 -4 -670 -2 -6
4 7 -670 -3 -3 -670 -4 -2 -670 -6 -2 -670 -4 -4
4 7 -670 -4 -2 -670 -4 0 -670 -6 0 -670 -6 -2
4 7 -670 -4 0 -670 -4 2 -670 -6 2 -670 -6 0
4 7 -670 -4 2 -670 -3 3 -670 -4 4 -670 -6 2
4 7 -670 -3 3 -670 -2 4 -670 -2 6 -670 -4 4
4 7 -670 -2 4 -670 0 4 -670 0 6 -670 -2 6
4 7 -670 0 4 -670 2 4 -670 2 6 -670 0 6
4 7 -670 2 4 -670 3 3 -670 4 4 -670 2 6
4 7 -670 3 3 -670 4 2 -670 6 2 -670 4 4
4 7 -670 4 2 -670 4 0 -670 6 0 -670 6 2
4 7 -670 4 0 -670 4 -2 -670 6 -2 -670 6 0
4 7 -670 4 -2 -670 3 -3 -670 4 -4 -670 6 -2
4 7 -670 3 -3 -670 2 -4 -670 2 -6 -670 4 -4
4 7 -670 2 -4 -670 0 -4 -670 0 -6 -670 2 -6


0 Stud 2A
0 Name: stud2a.dat
0 Author: Chris Dee
0 Official LCad update 99-05

0 Official LCad update 98-10

2 8 -686 4 0 -686 4 -2
2 8 -686 4 -2 -686 3 -3
2 8 -686 3 -3 -686 2 -4
2 8 -686 2 -4 -686 0 -4
2 8 -686 0 -4 -686 -2 -4
2 8 -686 -2 -4 -686 -3 -3
2 8 -686 -3 -3 -686 -4 -2
2 8 -686 -4 -2 -686 -4 0
2 8 -686 -4 0 -686 -4 2
2 8 -686 -4 2 -686 -3 3
2 8 -686 -3 3 -686 -2 4
2 8 -686 -2 4 -686 0 4
2 8 -686 0 4 -686 2 4
2 8 -686 2 4 -686 3 3
2 8 -686 3 3 -686 4 2
2 8 -686 4 2 -686 4 0

0 Official LCad update 98-10

2 8 -686 6 0 -686 6 -2
2 8 -686 6 -2 -686 4 -4
2 8 -686 4 -4 -686 2 -6
2 8 -686 2 -6 -686 0 -6
2 8 -686 0 -6 -686 -2 -6
2 8 -686 -2 -6 -686 -4 -4
2 8 -686 -4 -4 -686 -6 -2
2 8 -686 -6 -2 -686 -6 0
2 8 -686 -6 0 -686 -6 2
2 8 -686 -6 2 -686 -4 4
2 8 -686 -4 4 -686 -2 6
2 8 -686 -2 6 -686 0 6
2 8 -686 0 6 -686 2 6
2 8 -686 2 6 -686 4 4
2 8 -686 4 4 -686 6 2
2 8 -686 6 2 -686 6 0


0 Official LCad update 98-10

4 7 -686 4 0 -686 4 -2 -682 4 -2 -682 4 0
5 8 -686 4 0 -682 4 0 -686 4 -2 -686 4 2
4 7 -686 4 -2 -686 3 -3 -682 3 -3 -682 4 -2
5 8 -686 4 -2 -682 4 -2 -686 3 -3 -686 4 0
4 7 -686 3 -3 -686 2 -4 -682 2 -4 -682 3 -3
5 8 -686 3 -3 -682 3 -3 -686 2 -4 -686 4 -2
4 7 -686 2 -4 -686 0 -4 -682 0 -4 -682 2 -4
5 8 -686 2 -4 -682 2 -4 -686 0 -4 -686 3 -3
4 7 -686 0 -4 -686 -2 -4 -682 -2 -4 -682 0 -4
5 8 -686 0 -4 -682 0 -4 -686 -2 -4 -686 2 -4
4 7 -686 -2 -4 -686 -3 -3 -682 -3 -3 -682 -2 -4
5 8 -686 -2 -4 -682 -2 -4 -686 -3 -3 -686 0 -4
4 7 -686 -3 -3 -686 -4 -2 -682 -4 -2 -682 -3 -3
5 8 -686 -3 -3 -682 -3 -3 -686 -4 -2 -686 -2 -4
4 7 -686 -4 -2 -686 -4 0 -682 -4 0 -682 -4 -2
5 8 -686 -4 -2 -682 -4 -2 -686 -4 0 -686 -3 -3
4 7 -686 -4 0 -686 -4 2 -682 -4 2 -682 -4 0
5 8 -686 -4 0 -682 -4 0 -686 -4 2 -686 -4 -2
4 7 -686 -4 2 -686 -3 3 -682 -3 3 -682 -4 2
5 8 -686 -4 2 -682 -4 2 -686 -3 3 -686 -4 0
4 7 -686 -3 3 -686 -2 4 -682 -2 4 -682 -3 3
5 8 -686 -3 3 -682 -3 3 -686 -2 4 -686 -4 2
4 7 -686 -2 4 -686 0 4 -682 0 4 -682 -2 4
5 8 -686 -2 4 -682 -2 4 -686 0 4 -686 -3 3
4 7 -686 0 4 -686 2 4 -682 2 4 -682 0 4
5 8 -686 0 4 -682 0 4 -686 2 4 -686 -2 4
4 7 -686 2 4 -686 3 3 -682 3 3 -682 2 4
5 8 -686 2 4 -682 2 4 -686 3 3 -686 0 4
4 7 -686 3 3 -686 4 2 -682 4 2 -682 3 3
5 8 -686 3 3 -682 3 3 -686 4 2 -686 2 4
4 7 -686 4 2 -686 4 0 -682 4 0 -682 4 2
5 8 -686 4 2 -682 4 2 -686 4 0 -686 3 3

0 Official LCad update 98-10

4 7 -686 6 0 -686 6 -2 -682 6 -2 -682 6 0
5 8 -686 6 0 -682 6 0 -686 6 -2 -686 6 2
4 7 -686 6 -2 -686 4 -4 -682 4 -4 -682 6 -2
5 8 -686 6 -2 -682 6 -2 -686 4 -4 -686 6 0
4 7 -686 4 -4 -686 2 -6 -682 2 -6 -682 4 -4
5 8 -686 4 -4 -682 4 -4 -686 2 -6 -686 6 -2
4 7 -686 2 -6 -686 0 -6 -682 0 -6 -682 2 -6
5 8 -686 2 -6 -682 2 -6 -686 0 -6 -686 4 -4
4 7 -686 0 -6 -686 -2 -6 -682 -2 -6 -682 0 -6
5 8 -686 0 -6 -682 0 -6 -686 -2 -6 -686 2 -6
4 7 -686 -2 -6 -686 -4 -4 -682 -4 -4 -682 -2 -6
5 8 -686 -2 -6 -682 -2 -6 -686 -4 -4 -686 0 -6
4 7 -686 -4 -4 -686 -6 -2 -682 -6 -2 -682 -4 -4
5 8 -686 -4 -4 -682 -4 -4 -686 -6 -2 -686 -2 -6
4 7 -686 -6 -2 -686 -6 0 -682 -6 0 -682 -6 -2
5 8 -686 -6 -2 -682 -6 -2 -686 -6 0 -686 -4 -4
4 7 -686 -6 0 -686 -6 2 -682 -6 2 -682 -6 0
5 8 -686 -6 0 -682 -6 0 -686 -6 2 -686 -6 -2
4 7 -686 -6 2 -686 -4 4 -682 -4 4 -682 -6 2
5 8 -686 -6 2 -682 -6 2 -686 -4 4 -686 -6 0
4 7 -686 -4 4 -686 -2 6 -682 -2 6 -682 -4 4
5 8 -686 -4 4 -682 -4 4 -686 -2 6 -686 -6 2
4 7 -686 -2 6 -686 0 6 -682 0 6 -682 -2 6
5 8 -686 -2 6 -682 -2 6 -686 0 6 -686 -4 4
4 7 -686 0 6 -686 2 6 -682 2 6 -682 0 6
5 8 -686 0 6 -682 0 6 -686 2 6 -686 -2 6
4 7 -686 2 6 -686 4 4 -682 4 4 -682 2 6
5 8 -686 2 6 -682 2 6 -686 4 4 -686 0 6
4 7 -686 4 4 -686 6 2 -682 6 2 -682 4 4
5 8 -686 4 4 -682 4 4 -686 6 2 -686 2 6
4 7 -686 6 2 -686 6 0 -682 6 0 -682 6 2
5 8 -686 6 2 -682 6 2 -686 6 0 -686 4 4

0 Official LCad update 98-10

4 7 -686 0 -4 -686 -2 -4 -686 -2 -6 -686 0 -6
4 7 -686 -2 -4 -686 -3 -3 -686 -4 -4 -686 -2 -6
4 7 -686 -3 -3 -686 -4 -2 -686 -6 -2 -686 -4 -4
4 7 -686 -4 -2 -686 -4 0 -686 -6 0 -686 -6 -2
4 7 -686 -4 0 -686 -4 2 -686 -6 2 -686 -6 0
4 7 -686 -4 2 -686 -3 3 -686 -4 4 -686 -6 2
4 7 -686 -3 3 -686 -2 4 -686 -2 6 -686 -4 4
4 7 -686 -2 4 -686 0 4 -686 0 6 -686 -2 6
4 7 -686 0 4 -686 2 4 -686 2 6 -686 0 6
4 7 -686 2 4 -686 3 3 -686 4 4 -686 2 6
4 7 -686 3 3 -686 4 2 -686 6 2 -686 4 4
4 7 -686 4 2 -686 4 0 -686 6 0 -686 6 2
4 7 -686 4 0 -686 4 -2 -686 6 -2 -686 6 0
4 7 -686 4 -2 -686 3 -3 -686 4 -4 -686 6 -2
4 7 -686 3 -3 -686 2 -4 -686 2 -6 -686 4 -4
4 7 -686 2 -4 -686 0 -4 -686 0 -6 -686 2 -6

0


0 1/4 Cone 3:4 Radii
0 Name: 1-4con3.dat
0 Author: Steve Bliss
0 Official LCad update 99-03

5 8 -682 6 0 -672 8 0 -682 6 -2 -682 6 2
5 8 -682 6 -2 -672 7 -3 -682 4 -4 -682 6 0
5 8 -682 4 -4 -672 6 -6 -682 2 -6 -682 6 -2
5 8 -682 2 -6 -672 3 -7 -682 0 -6 -682 4 -4
5 8 -682 0 -6 -672 0 -8 -682 -2 -6 -682 2 -6

4 7 -682 6 0 -682 6 -2 -672 7 -3 -672 8 0
4 7 -682 6 -2 -682 4 -4 -672 6 -6 -672 7 -3
4 7 -682 4 -4 -682 2 -6 -672 3 -7 -672 6 -6
4 7 -682 2 -6 -682 0 -6 -672 0 -8 -672 3 -7
0

0 1/4 Cone 3:4 Radii
0 Name: 1-4con3.dat
0 Author: Steve Bliss
0 Official LCad update 99-03

5 8 -682 0 6 -672 0 8 -682 2 6 -682 -2 6
5 8 -682 2 6 -672 3 7 -682 4 4 -682 0 6
5 8 -682 4 4 -672 6 6 -682 6 2 -682 2 6
5 8 -682 6 2 -672 7 3 -682 6 0 -682 4 4
5 8 -682 6 0 -672 8 0 -682 6 -2 -682 6 2

4 7 -682 0 6 -682 2 6 -672 3 7 -672 0 8
4 7 -682 2 6 -682 4 4 -672 6 6 -672 3 7
4 7 -682 4 4 -682 6 2 -672 7 3 -672 6 6
4 7 -682 6 2 -682 6 0 -672 8 0 -672 7 3
0

0 1/4 Cone 3:4 Radii
0 Name: 1-4con3.dat
0 Author: Steve Bliss
0 Official LCad update 99-03

5 8 -682 -6 0 -672 -8 0 -682 -6 2 -682 -6 -2
5 8 -682 -6 2 -672 -7 3 -682 -4 4 -682 -6 0
5 8 -682 -4 4 -672 -6 6 -682 -2 6 -682 -6 2
5 8 -682 -2 6 -672 -3 7 -682 0 6 -682 -4 4
5 8 -682 0 6 -672 0 8 -682 2 6 -682 -2 6

4 7 -682 -6 0 -682 -6 2 -672 -7 3 -672 -8 0
4 7 -682 -6 2 -682 -4 4 -672 -6 6 -672 -7 3
4 7 -682 -4 4 -682 -2 6 -672 -3 7 -672 -6 6
4 7 -682 -2 6 -682 0 6 -672 0 8 -672 -3 7
0

0 1/4 Cone 3:4 Radii
0 Name: 1-4con3.dat
0 Author: Steve Bliss
0 Official LCad update 99-03

5 8 -682 0 -6 -672 0 -8 -682 -2 -6 -682 2 -6
5 8 -682 -2 -6 -672 -3 -7 -682 -4 -4 -682 0 -6
5 8 -682 -4 -4 -672 -6 -6 -682 -6 -2 -682 -2 -6
5 8 -682 -6 -2 -672 -7 -3 -682 -6 0 -682 -4 -4
5 8 -682 -6 0 -672 -8 0 -682 -6 2 -682 -6 -2

4 7 -682 0 -6 -682 -2 -6 -672 -3 -7 -672 0 -8
4 7 -682 -2 -6 -682 -4 -4 -672 -6 -6 -672 -3 -7
4 7 -682 -4 -4 -682 -6 -2 -672 -7 -3 -672 -6 -6
4 7 -682 -6 -2 -682 -6 0 -672 -8 0 -672 -7 -3
0

0 1/4 Cone 4:5 radii
0 Name: 1-4con4.dat
0 Author: Steve Bliss
0 Official LCad update 99-03

0 1999-05-11 SEB Added optional lines

5 8 -673 8 0 -663 10 0 -673 7 -3 -673 7 3
5 8 -673 7 -3 -663 9 -4 -673 6 -6 -673 8 0
5 8 -673 6 -6 -663 7 -7 -673 3 -7 -673 7 -3
5 8 -673 3 -7 -663 4 -9 -673 0 -8 -673 6 -6
5 8 -673 0 -8 -663 0 -10 -673 -3 -7 -673 3 -7

4 7 -673 8 0 -673 7 -3 -663 9 -4 -663 10 0
4 7 -673 7 -3 -673 6 -6 -663 7 -7 -663 9 -4
4 7 -673 6 -6 -673 3 -7 -663 4 -9 -663 7 -7
4 7 -673 3 -7 -673 0 -8 -663 0 -10 -663 4 -9
0

0 1/4 Cone 4:5 radii
0 Name: 1-4con4.dat
0 Author: Steve Bliss
0 Official LCad update 99-03

0 1999-05-11 SEB Added optional lines

5 8 -673 0 8 -663 0 10 -673 3 7 -673 -3 7
5 8 -673 3 7 -663 4 9 -673 6 6 -673 0 8
5 8 -673 6 6 -663 7 7 -673 7 3 -673 3 7
5 8 -673 7 3 -663 9 4 -673 8 0 -673 6 6
5 8 -673 8 0 -663 10 0 -673 7 -3 -673 7 3

4 7 -673 0 8 -673 3 7 -663 4 9 -663 0 10
4 7 -673 3 7 -673 6 6 -663 7 7 -663 4 9
4 7 -673 6 6 -673 7 3 -663 9 4 -663 7 7
4 7 -673 7 3 -673 8 0 -663 10 0 -663 9 4
0

0 1/4 Cone 4:5 radii
0 Name: 1-4con4.dat
0 Author: Steve Bliss
0 Official LCad update 99-03

0 1999-05-11 SEB Added optional lines

5 8 -673 -8 0 -663 -10 0 -673 -7 3 -673 -7 -3
5 8 -673 -7 3 -663 -9 4 -673 -6 6 -673 -8 0
5 8 -673 -6 6 -663 -7 7 -673 -3 7 -673 -7 3
5 8 -673 -3 7 -663 -4 9 -673 0 8 -673 -6 6
5 8 -673 0 8 -663 0 10 -673 3 7 -673 -3 7

4 7 -673 -8 0 -673 -7 3 -663 -9 4 -663 -10 0
4 7 -673 -7 3 -673 -6 6 -663 -7 7 -663 -9 4
4 7 -673 -6 6 -673 -3 7 -663 -4 9 -663 -7 7
4 7 -673 -3 7 -673 0 8 -663 0 10 -663 -4 9
0

0 1/4 Cone 4:5 radii
0 Name: 1-4con4.dat
0 Author: Steve Bliss
0 Official LCad update 99-03

0 1999-05-11 SEB Added optional lines

5 8 -673 0 -8 -663 0 -10 -673 -3 -7 -673 3 -7
5 8 -673 -3 -7 -663 -4 -9 -673 -6 -6 -673 0 -8
5 8 -673 -6 -6 -663 -7 -7 -673 -7 -3 -673 -3 -7
5 8 -673 -7 -3 -663 -9 -4 -673 -8 0 -673 -6 -6
5 8 -673 -8 0 -663 -10 0 -673 -7 3 -673 -7 -3

4 7 -673 0 -8 -673 -3 -7 -663 -4 -9 -663 0 -10
4 7 -673 -3 -7 -673 -6 -6 -663 -7 -7 -663 -4 -9
4 7 -673 -6 -6 -673 -7 -3 -663 -9 -4 -663 -7 -7
4 7 -673 -7 -3 -673 -8 0 -663 -10 0 -663 -9 -4
0


0 Official LCad update 98-10

4 7 -663 0 -8 -663 -3 -7 -663 -4 -9 -663 0 -10
4 7 -663 -3 -7 -663 -6 -6 -663 -7 -7 -663 -4 -9
4 7 -663 -6 -6 -663 -7 -3 -663 -9 -4 -663 -7 -7
4 7 -663 -7 -3 -663 -8 0 -663 -10 0 -663 -9 -4
4 7 -663 -8 0 -663 -7 3 -663 -9 4 -663 -10 0
4 7 -663 -7 3 -663 -6 6 -663 -7 7 -663 -9 4
4 7 -663 -6 6 -663 -3 7 -663 -4 9 -663 -7 7
4 7 -663 -3 7 -663 0 8 -663 0 10 -663 -4 9
4 7 -663 0 8 -663 3 7 -663 4 9 -663 0 10
4 7 -663 3 7 -663 6 6 -663 7 7 -663 4 9
4 7 -663 6 6 -663 7 3 -663 9 4 -663 7 7
4 7 -663 7 3 -663 8 0 -663 10 0 -663 9 4
4 7 -663 8 0 -663 7 -3 -663 9 -4 -663 10 0
4 7 -663 7 -3 -663 6 -6 -663 7 -7 -663 9 -4
4 7 -663 6 -6 -663 3 -7 -663 4 -9 -663 7 -7
4 7 -663 3 -7 -663 0 -8 -663 0 -10 -663 4 -9

0

0
