0 Arapahoe Knee Guard
0 Name: arapkngr.dat
0 Author: Ben Vaughan
0 Unofficial Model
0 ROTATION CENTER 0 -30.3993 9.98185 1 "Custom"
0 ROTATION CONFIG 1 1
0 Inlined: 1 7 0 -8 10 1 0 0 0 1 0 0 0 1 3660.DAT
0 Slope Brick 45  2 x  2 Inverted

0 Inlined: 1 7 0 -4 10 1 0 0 0 -5 0 0 0 1 stud3.dat
0 Inlined: 1 7 0 16 10 4 0 0 0 0 0 0 0 4 4-4edge.dat
0 Official LCad update 98-10

2 8 4 16 10 4 16 12
2 8 4 16 12 3 16 13
2 8 3 16 13 2 16 14
2 8 2 16 14 0 16 14
2 8 0 16 14 -2 16 14
2 8 -2 16 14 -3 16 13
2 8 -3 16 13 -4 16 12
2 8 -4 16 12 -4 16 10
2 8 -4 16 10 -4 16 8
2 8 -4 16 8 -3 16 7
2 8 -3 16 7 -2 16 6
2 8 -2 16 6 0 16 6
2 8 0 16 6 2 16 6
2 8 2 16 6 3 16 7
2 8 3 16 7 4 16 8
2 8 4 16 8 4 16 10

0 Inlined: 1 7 0 -4 10 4 0 0 0 0 0 0 0 4 4-4edge.dat
0 Official LCad update 98-10

2 8 4 -4 10 4 -4 12
2 8 4 -4 12 3 -4 13
2 8 3 -4 13 2 -4 14
2 8 2 -4 14 0 -4 14
2 8 0 -4 14 -2 -4 14
2 8 -2 -4 14 -3 -4 13
2 8 -3 -4 13 -4 -4 12
2 8 -4 -4 12 -4 -4 10
2 8 -4 -4 10 -4 -4 8
2 8 -4 -4 8 -3 -4 7
2 8 -3 -4 7 -2 -4 6
2 8 -2 -4 6 0 -4 6
2 8 0 -4 6 2 -4 6
2 8 2 -4 6 3 -4 7
2 8 3 -4 7 4 -4 8
2 8 4 -4 8 4 -4 10

0 Inlined: 1 7 0 16 10 4 0 0 0 0 0 0 0 4 4-4disc.dat
0 Disc
0 Official LCad update 98-10

3 7 0 16 10 4 16 10 4 16 12
3 7 0 16 10 4 16 12 3 16 13
3 7 0 16 10 3 16 13 2 16 14
3 7 0 16 10 2 16 14 0 16 14
3 7 0 16 10 0 16 14 -2 16 14
3 7 0 16 10 -2 16 14 -3 16 13
3 7 0 16 10 -3 16 13 -4 16 12
3 7 0 16 10 -4 16 12 -4 16 10
3 7 0 16 10 -4 16 10 -4 16 8
3 7 0 16 10 -4 16 8 -3 16 7
3 7 0 16 10 -3 16 7 -2 16 6
3 7 0 16 10 -2 16 6 0 16 6
3 7 0 16 10 0 16 6 2 16 6
3 7 0 16 10 2 16 6 3 16 7
3 7 0 16 10 3 16 7 4 16 8
3 7 0 16 10 4 16 8 4 16 10

0 Inlined: 1 7 0 16 10 4 0 0 0 -20 0 0 0 4 4-4cyli.dat
0 Official LCad update 98-10

4 7 4 16 10 4 16 12 4 -4 12 4 -4 10
5 8 4 16 10 4 -4 10 4 16 12 4 16 8
4 7 4 16 12 3 16 13 3 -4 13 4 -4 12
5 8 4 16 12 4 -4 12 3 16 13 4 16 10
4 7 3 16 13 2 16 14 2 -4 14 3 -4 13
5 8 3 16 13 3 -4 13 2 16 14 4 16 12
4 7 2 16 14 0 16 14 0 -4 14 2 -4 14
5 8 2 16 14 2 -4 14 0 16 14 3 16 13
4 7 0 16 14 -2 16 14 -2 -4 14 0 -4 14
5 8 0 16 14 0 -4 14 -2 16 14 2 16 14
4 7 -2 16 14 -3 16 13 -3 -4 13 -2 -4 14
5 8 -2 16 14 -2 -4 14 -3 16 13 0 16 14
4 7 -3 16 13 -4 16 12 -4 -4 12 -3 -4 13
5 8 -3 16 13 -3 -4 13 -4 16 12 -2 16 14
4 7 -4 16 12 -4 16 10 -4 -4 10 -4 -4 12
5 8 -4 16 12 -4 -4 12 -4 16 10 -3 16 13
4 7 -4 16 10 -4 16 8 -4 -4 8 -4 -4 10
5 8 -4 16 10 -4 -4 10 -4 16 8 -4 16 12
4 7 -4 16 8 -3 16 7 -3 -4 7 -4 -4 8
5 8 -4 16 8 -4 -4 8 -3 16 7 -4 16 10
4 7 -3 16 7 -2 16 6 -2 -4 6 -3 -4 7
5 8 -3 16 7 -3 -4 7 -2 16 6 -4 16 8
4 7 -2 16 6 0 16 6 0 -4 6 -2 -4 6
5 8 -2 16 6 -2 -4 6 0 16 6 -3 16 7
4 7 0 16 6 2 16 6 2 -4 6 0 -4 6
5 8 0 16 6 0 -4 6 2 16 6 -2 16 6
4 7 2 16 6 3 16 7 3 -4 7 2 -4 6
5 8 2 16 6 2 -4 6 3 16 7 0 16 6
4 7 3 16 7 4 16 8 4 -4 8 3 -4 7
5 8 3 16 7 3 -4 7 4 16 8 2 16 6
4 7 4 16 8 4 16 10 4 -4 10 4 -4 8
5 8 4 16 8 4 -4 8 4 16 10 3 16 7



0 Inlined: 1 7 0 16 10 16 0 0 0 -20 0 0 0 6 box5.dat
2 8 16 -4 16 -16 -4 16
2 8 -16 -4 16 -16 -4 4
2 8 -16 -4 4 16 -4 4
2 8 16 -4 4 16 -4 16
2 8 16 16 16 -16 16 16
2 8 -16 16 16 -16 16 4
2 8 -16 16 4 16 16 4
2 8 16 16 4 16 16 16
2 8 16 16 16 16 -4 16
2 8 -16 16 16 -16 -4 16
2 8 16 16 4 16 -4 4
2 8 -16 16 4 -16 -4 4
4 7 16 -4 16 16 -4 4 -16 -4 4 -16 -4 16
4 7 16 -4 16 16 16 16 -16 16 16 -16 -4 16
4 7 -16 -4 16 -16 16 16 -16 16 4 -16 -4 4
4 7 -16 -4 4 -16 16 4 16 16 4 16 -4 4
4 7 16 -4 4 16 16 4 16 16 16 16 -4 16


4 7 20 16 20 16 16 16 -16 16 16 -20 16 20
4 7 -20 16 20 -16 16 16 -16 16 4 -20 16 0
4 7 -20 16 0 -16 16 4 16 16 4 20 16 0
4 7 20 16 0 16 16 4 16 16 16 20 16 20

2 8 20 16 0 20 16 20
2 8 20 16 0 -20 16 0
2 8 20 16 20 -20 16 20
2 8 -20 16 0 -20 16 20

2 8 20 -8 -20 20 -4 -20
2 8 20 -4 -20 20 16 0
2 8 20 -8 20 20 16 20
2 8 -20 -8 -20 -20 -4 -20
2 8 -20 -4 -20 -20 16 0
2 8 -20 -8 20 -20 16 20

2 8 20 -4 -20 -20 -4 -20
2 8 20 -8 -20 20 -8 20
2 8 20 -8 -20 -20 -8 -20
2 8 20 -8 20 -20 -8 20
2 8 -20 -8 -20 -20 -8 20

2 8 18 12 0 -18 12 0
2 8 -18 12 0 -18 -4 -16
2 8 -18 -4 -16 18 -4 -16
2 8 18 -4 -16 18 12 0
2 8 18 -8 0 -18 -8 0
2 8 -18 -8 0 -18 -8 -16
2 8 -18 -8 -16 18 -8 -16
2 8 18 -8 -16 18 -8 0
2 8 18 -8 0 18 12 0
2 8 -18 -8 0 -18 12 0
2 8 -18 -8 -16 -18 -4 -16
2 8 18 -8 -16 18 -4 -16

0 Inlined: 1 7 10 2 -10 4 0 0 0 0 4 0 0 4 4-4edge.dat
0 Official LCad update 98-10

2 8 14 2 -10 14 4 -8
2 8 14 4 -8 13 5 -7
2 8 13 5 -7 12 6 -6
2 8 12 6 -6 10 6 -6
2 8 10 6 -6 8 6 -6
2 8 8 6 -6 7 5 -7
2 8 7 5 -7 6 4 -8
2 8 6 4 -8 6 2 -10
2 8 6 2 -10 6 0 -12
2 8 6 0 -12 7 -1 -13
2 8 7 -1 -13 8 -2 -14
2 8 8 -2 -14 10 -2 -14
2 8 10 -2 -14 12 -2 -14
2 8 12 -2 -14 13 -1 -13
2 8 13 -1 -13 14 0 -12
2 8 14 0 -12 14 2 -10

0 Inlined: 1 7 -10 2 -10 4 0 0 0 0 4 0 0 4 4-4edge.dat
0 Official LCad update 98-10

2 8 -6 2 -10 -6 4 -8
2 8 -6 4 -8 -7 5 -7
2 8 -7 5 -7 -8 6 -6
2 8 -8 6 -6 -10 6 -6
2 8 -10 6 -6 -12 6 -6
2 8 -12 6 -6 -13 5 -7
2 8 -13 5 -7 -14 4 -8
2 8 -14 4 -8 -14 2 -10
2 8 -14 2 -10 -14 0 -12
2 8 -14 0 -12 -13 -1 -13
2 8 -13 -1 -13 -12 -2 -14
2 8 -12 -2 -14 -10 -2 -14
2 8 -10 -2 -14 -8 -2 -14
2 8 -8 -2 -14 -7 -1 -13
2 8 -7 -1 -13 -6 0 -12
2 8 -6 0 -12 -6 2 -10

0 Inlined: 1 7 10 2 -10 6 0 0 0 0 6 0 0 6 4-4edge.dat
0 Official LCad update 98-10

2 8 16 2 -10 16 4 -8
2 8 16 4 -8 14 6 -6
2 8 14 6 -6 12 8 -4
2 8 12 8 -4 10 8 -4
2 8 10 8 -4 8 8 -4
2 8 8 8 -4 6 6 -6
2 8 6 6 -6 4 4 -8
2 8 4 4 -8 4 2 -10
2 8 4 2 -10 4 0 -12
2 8 4 0 -12 6 -2 -14
2 8 6 -2 -14 8 -4 -16
2 8 8 -4 -16 10 -4 -16
2 8 10 -4 -16 12 -4 -16
2 8 12 -4 -16 14 -2 -14
2 8 14 -2 -14 16 0 -12
2 8 16 0 -12 16 2 -10

0 Inlined: 1 7 -10 2 -10 6 0 0 0 0 6 0 0 6 4-4edge.dat
0 Official LCad update 98-10

2 8 -4 2 -10 -4 4 -8
2 8 -4 4 -8 -6 6 -6
2 8 -6 6 -6 -8 8 -4
2 8 -8 8 -4 -10 8 -4
2 8 -10 8 -4 -12 8 -4
2 8 -12 8 -4 -14 6 -6
2 8 -14 6 -6 -16 4 -8
2 8 -16 4 -8 -16 2 -10
2 8 -16 2 -10 -16 0 -12
2 8 -16 0 -12 -14 -2 -14
2 8 -14 -2 -14 -12 -4 -16
2 8 -12 -4 -16 -10 -4 -16
2 8 -10 -4 -16 -8 -4 -16
2 8 -8 -4 -16 -6 -2 -14
2 8 -6 -2 -14 -4 0 -12
2 8 -4 0 -12 -4 2 -10

0 Inlined: 1 7 10 -2 -10 0 0 4 0 4 0 -4 0 0 2-4cyls.dat
0 2-4 Cylinder Sloped
0 Official LCad update 98-10

3 7 10 -2 -14 12 -2 -14 12 -2 -14
4 7 12 -2 -14 13 -2 -13 13 -1 -13 12 -2 -14
4 7 13 -2 -13 14 -2 -12 14 0 -12 13 -1 -13
4 7 14 -2 -12 14 -2 -10 14 2 -10 14 0 -12
4 7 14 -2 -10 14 -2 -8 14 4 -8 14 2 -10
4 7 14 -2 -8 13 -2 -7 13 5 -7 14 4 -8
4 7 13 -2 -7 12 -2 -6 12 6 -6 13 5 -7
4 7 12 -2 -6 10 -2 -6 10 6 -6 12 6 -6

5 8 12 -2 -14 12 -2 -14 13 -2 -13 10 -2 -14
5 8 13 -2 -13 13 -1 -13 14 -2 -12 12 -2 -14
5 8 14 -2 -12 14 0 -12 14 -2 -10 13 -2 -13
5 8 14 -2 -10 14 2 -10 14 -2 -8 14 -2 -12
5 8 14 -2 -8 14 4 -8 13 -2 -7 14 -2 -10
5 8 13 -2 -7 13 5 -7 12 -2 -6 14 -2 -8
5 8 12 -2 -6 12 6 -6 10 -2 -6 13 -2 -7
5 8 10 -2 -6 10 6 -6 6 -2 -6 12 -2 -6

0 Inlined: 1 7 10 -2 -10 0 0 -4 0 4 0 -4 0 0 2-4cyls.dat
0 2-4 Cylinder Sloped
0 Official LCad update 98-10

3 7 10 -2 -14 8 -2 -14 8 -2 -14
4 7 8 -2 -14 7 -2 -13 7 -1 -13 8 -2 -14
4 7 7 -2 -13 6 -2 -12 6 0 -12 7 -1 -13
4 7 6 -2 -12 6 -2 -10 6 2 -10 6 0 -12
4 7 6 -2 -10 6 -2 -8 6 4 -8 6 2 -10
4 7 6 -2 -8 7 -2 -7 7 5 -7 6 4 -8
4 7 7 -2 -7 8 -2 -6 8 6 -6 7 5 -7
4 7 8 -2 -6 10 -2 -6 10 6 -6 8 6 -6

5 8 8 -2 -14 8 -2 -14 7 -2 -13 10 -2 -14
5 8 7 -2 -13 7 -1 -13 6 -2 -12 8 -2 -14
5 8 6 -2 -12 6 0 -12 6 -2 -10 7 -2 -13
5 8 6 -2 -10 6 2 -10 6 -2 -8 6 -2 -12
5 8 6 -2 -8 6 4 -8 7 -2 -7 6 -2 -10
5 8 7 -2 -7 7 5 -7 8 -2 -6 6 -2 -8
5 8 8 -2 -6 8 6 -6 10 -2 -6 7 -2 -7
5 8 10 -2 -6 10 6 -6 14 -2 -6 8 -2 -6

0 Inlined: 1 7 -10 -2 -10 0 0 4 0 4 0 -4 0 0 2-4cyls.dat
0 2-4 Cylinder Sloped
0 Official LCad update 98-10

3 7 -10 -2 -14 -8 -2 -14 -8 -2 -14
4 7 -8 -2 -14 -7 -2 -13 -7 -1 -13 -8 -2 -14
4 7 -7 -2 -13 -6 -2 -12 -6 0 -12 -7 -1 -13
4 7 -6 -2 -12 -6 -2 -10 -6 2 -10 -6 0 -12
4 7 -6 -2 -10 -6 -2 -8 -6 4 -8 -6 2 -10
4 7 -6 -2 -8 -7 -2 -7 -7 5 -7 -6 4 -8
4 7 -7 -2 -7 -8 -2 -6 -8 6 -6 -7 5 -7
4 7 -8 -2 -6 -10 -2 -6 -10 6 -6 -8 6 -6

5 8 -8 -2 -14 -8 -2 -14 -7 -2 -13 -10 -2 -14
5 8 -7 -2 -13 -7 -1 -13 -6 -2 -12 -8 -2 -14
5 8 -6 -2 -12 -6 0 -12 -6 -2 -10 -7 -2 -13
5 8 -6 -2 -10 -6 2 -10 -6 -2 -8 -6 -2 -12
5 8 -6 -2 -8 -6 4 -8 -7 -2 -7 -6 -2 -10
5 8 -7 -2 -7 -7 5 -7 -8 -2 -6 -6 -2 -8
5 8 -8 -2 -6 -8 6 -6 -10 -2 -6 -7 -2 -7
5 8 -10 -2 -6 -10 6 -6 -14 -2 -6 -8 -2 -6

0 Inlined: 1 7 -10 -2 -10 0 0 -4 0 4 0 -4 0 0 2-4cyls.dat
0 2-4 Cylinder Sloped
0 Official LCad update 98-10

3 7 -10 -2 -14 -12 -2 -14 -12 -2 -14
4 7 -12 -2 -14 -13 -2 -13 -13 -1 -13 -12 -2 -14
4 7 -13 -2 -13 -14 -2 -12 -14 0 -12 -13 -1 -13
4 7 -14 -2 -12 -14 -2 -10 -14 2 -10 -14 0 -12
4 7 -14 -2 -10 -14 -2 -8 -14 4 -8 -14 2 -10
4 7 -14 -2 -8 -13 -2 -7 -13 5 -7 -14 4 -8
4 7 -13 -2 -7 -12 -2 -6 -12 6 -6 -13 5 -7
4 7 -12 -2 -6 -10 -2 -6 -10 6 -6 -12 6 -6

5 8 -12 -2 -14 -12 -2 -14 -13 -2 -13 -10 -2 -14
5 8 -13 -2 -13 -13 -1 -13 -14 -2 -12 -12 -2 -14
5 8 -14 -2 -12 -14 0 -12 -14 -2 -10 -13 -2 -13
5 8 -14 -2 -10 -14 2 -10 -14 -2 -8 -14 -2 -12
5 8 -14 -2 -8 -14 4 -8 -13 -2 -7 -14 -2 -10
5 8 -13 -2 -7 -13 5 -7 -12 -2 -6 -14 -2 -8
5 8 -12 -2 -6 -12 6 -6 -10 -2 -6 -13 -2 -7
5 8 -10 -2 -6 -10 6 -6 -6 -2 -6 -12 -2 -6

0 Inlined: 1 7 10 -4 -10 0 0 6 0 6 0 -6 0 0 2-4cyls.dat
0 2-4 Cylinder Sloped
0 Official LCad update 98-10

3 7 10 -4 -16 12 -4 -16 12 -4 -16
4 7 12 -4 -16 14 -4 -14 14 -2 -14 12 -4 -16
4 7 14 -4 -14 16 -4 -12 16 0 -12 14 -2 -14
4 7 16 -4 -12 16 -4 -10 16 2 -10 16 0 -12
4 7 16 -4 -10 16 -4 -8 16 4 -8 16 2 -10
4 7 16 -4 -8 14 -4 -6 14 6 -6 16 4 -8
4 7 14 -4 -6 12 -4 -4 12 8 -4 14 6 -6
4 7 12 -4 -4 10 -4 -4 10 8 -4 12 8 -4

5 8 12 -4 -16 12 -4 -16 14 -4 -14 10 -4 -16
5 8 14 -4 -14 14 -2 -14 16 -4 -12 12 -4 -16
5 8 16 -4 -12 16 0 -12 16 -4 -10 14 -4 -14
5 8 16 -4 -10 16 2 -10 16 -4 -8 16 -4 -12
5 8 16 -4 -8 16 4 -8 14 -4 -6 16 -4 -10
5 8 14 -4 -6 14 6 -6 12 -4 -4 16 -4 -8
5 8 12 -4 -4 12 8 -4 10 -4 -4 14 -4 -6
5 8 10 -4 -4 10 8 -4 4 -4 -4 12 -4 -4

0 Inlined: 1 7 10 -4 -10 0 0 -6 0 6 0 -6 0 0 2-4cyls.dat
0 2-4 Cylinder Sloped
0 Official LCad update 98-10

3 7 10 -4 -16 8 -4 -16 8 -4 -16
4 7 8 -4 -16 6 -4 -14 6 -2 -14 8 -4 -16
4 7 6 -4 -14 4 -4 -12 4 0 -12 6 -2 -14
4 7 4 -4 -12 4 -4 -10 4 2 -10 4 0 -12
4 7 4 -4 -10 4 -4 -8 4 4 -8 4 2 -10
4 7 4 -4 -8 6 -4 -6 6 6 -6 4 4 -8
4 7 6 -4 -6 8 -4 -4 8 8 -4 6 6 -6
4 7 8 -4 -4 10 -4 -4 10 8 -4 8 8 -4

5 8 8 -4 -16 8 -4 -16 6 -4 -14 10 -4 -16
5 8 6 -4 -14 6 -2 -14 4 -4 -12 8 -4 -16
5 8 4 -4 -12 4 0 -12 4 -4 -10 6 -4 -14
5 8 4 -4 -10 4 2 -10 4 -4 -8 4 -4 -12
5 8 4 -4 -8 4 4 -8 6 -4 -6 4 -4 -10
5 8 6 -4 -6 6 6 -6 8 -4 -4 4 -4 -8
5 8 8 -4 -4 8 8 -4 10 -4 -4 6 -4 -6
5 8 10 -4 -4 10 8 -4 16 -4 -4 8 -4 -4

0 Inlined: 1 7 -10 -4 -10 0 0 6 0 6 0 -6 0 0 2-4cyls.dat
0 2-4 Cylinder Sloped
0 Official LCad update 98-10

3 7 -10 -4 -16 -8 -4 -16 -8 -4 -16
4 7 -8 -4 -16 -6 -4 -14 -6 -2 -14 -8 -4 -16
4 7 -6 -4 -14 -4 -4 -12 -4 0 -12 -6 -2 -14
4 7 -4 -4 -12 -4 -4 -10 -4 2 -10 -4 0 -12
4 7 -4 -4 -10 -4 -4 -8 -4 4 -8 -4 2 -10
4 7 -4 -4 -8 -6 -4 -6 -6 6 -6 -4 4 -8
4 7 -6 -4 -6 -8 -4 -4 -8 8 -4 -6 6 -6
4 7 -8 -4 -4 -10 -4 -4 -10 8 -4 -8 8 -4

5 8 -8 -4 -16 -8 -4 -16 -6 -4 -14 -10 -4 -16
5 8 -6 -4 -14 -6 -2 -14 -4 -4 -12 -8 -4 -16
5 8 -4 -4 -12 -4 0 -12 -4 -4 -10 -6 -4 -14
5 8 -4 -4 -10 -4 2 -10 -4 -4 -8 -4 -4 -12
5 8 -4 -4 -8 -4 4 -8 -6 -4 -6 -4 -4 -10
5 8 -6 -4 -6 -6 6 -6 -8 -4 -4 -4 -4 -8
5 8 -8 -4 -4 -8 8 -4 -10 -4 -4 -6 -4 -6
5 8 -10 -4 -4 -10 8 -4 -16 -4 -4 -8 -4 -4

0 Inlined: 1 7 -10 -4 -10 0 0 -6 0 6 0 -6 0 0 2-4cyls.dat
0 2-4 Cylinder Sloped
0 Official LCad update 98-10

3 7 -10 -4 -16 -12 -4 -16 -12 -4 -16
4 7 -12 -4 -16 -14 -4 -14 -14 -2 -14 -12 -4 -16
4 7 -14 -4 -14 -16 -4 -12 -16 0 -12 -14 -2 -14
4 7 -16 -4 -12 -16 -4 -10 -16 2 -10 -16 0 -12
4 7 -16 -4 -10 -16 -4 -8 -16 4 -8 -16 2 -10
4 7 -16 -4 -8 -14 -4 -6 -14 6 -6 -16 4 -8
4 7 -14 -4 -6 -12 -4 -4 -12 8 -4 -14 6 -6
4 7 -12 -4 -4 -10 -4 -4 -10 8 -4 -12 8 -4

5 8 -12 -4 -16 -12 -4 -16 -14 -4 -14 -10 -4 -16
5 8 -14 -4 -14 -14 -2 -14 -16 -4 -12 -12 -4 -16
5 8 -16 -4 -12 -16 0 -12 -16 -4 -10 -14 -4 -14
5 8 -16 -4 -10 -16 2 -10 -16 -4 -8 -16 -4 -12
5 8 -16 -4 -8 -16 4 -8 -14 -4 -6 -16 -4 -10
5 8 -14 -4 -6 -14 6 -6 -12 -4 -4 -16 -4 -8
5 8 -12 -4 -4 -12 8 -4 -10 -4 -4 -14 -4 -6
5 8 -10 -4 -4 -10 8 -4 -4 -4 -4 -12 -4 -4


0 Inlined: 1 7 10 -8 -10 4 0 0 0 6 0 0 0 4 4-4cyli.dat
0 Official LCad update 98-10

4 7 14 -8 -10 14 -8 -8 14 -2 -8 14 -2 -10
5 8 14 -8 -10 14 -2 -10 14 -8 -8 14 -8 -12
4 7 14 -8 -8 13 -8 -7 13 -2 -7 14 -2 -8
5 8 14 -8 -8 14 -2 -8 13 -8 -7 14 -8 -10
4 7 13 -8 -7 12 -8 -6 12 -2 -6 13 -2 -7
5 8 13 -8 -7 13 -2 -7 12 -8 -6 14 -8 -8
4 7 12 -8 -6 10 -8 -6 10 -2 -6 12 -2 -6
5 8 12 -8 -6 12 -2 -6 10 -8 -6 13 -8 -7
4 7 10 -8 -6 8 -8 -6 8 -2 -6 10 -2 -6
5 8 10 -8 -6 10 -2 -6 8 -8 -6 12 -8 -6
4 7 8 -8 -6 7 -8 -7 7 -2 -7 8 -2 -6
5 8 8 -8 -6 8 -2 -6 7 -8 -7 10 -8 -6
4 7 7 -8 -7 6 -8 -8 6 -2 -8 7 -2 -7
5 8 7 -8 -7 7 -2 -7 6 -8 -8 8 -8 -6
4 7 6 -8 -8 6 -8 -10 6 -2 -10 6 -2 -8
5 8 6 -8 -8 6 -2 -8 6 -8 -10 7 -8 -7
4 7 6 -8 -10 6 -8 -12 6 -2 -12 6 -2 -10
5 8 6 -8 -10 6 -2 -10 6 -8 -12 6 -8 -8
4 7 6 -8 -12 7 -8 -13 7 -2 -13 6 -2 -12
5 8 6 -8 -12 6 -2 -12 7 -8 -13 6 -8 -10
4 7 7 -8 -13 8 -8 -14 8 -2 -14 7 -2 -13
5 8 7 -8 -13 7 -2 -13 8 -8 -14 6 -8 -12
4 7 8 -8 -14 10 -8 -14 10 -2 -14 8 -2 -14
5 8 8 -8 -14 8 -2 -14 10 -8 -14 7 -8 -13
4 7 10 -8 -14 12 -8 -14 12 -2 -14 10 -2 -14
5 8 10 -8 -14 10 -2 -14 12 -8 -14 8 -8 -14
4 7 12 -8 -14 13 -8 -13 13 -2 -13 12 -2 -14
5 8 12 -8 -14 12 -2 -14 13 -8 -13 10 -8 -14
4 7 13 -8 -13 14 -8 -12 14 -2 -12 13 -2 -13
5 8 13 -8 -13 13 -2 -13 14 -8 -12 12 -8 -14
4 7 14 -8 -12 14 -8 -10 14 -2 -10 14 -2 -12
5 8 14 -8 -12 14 -2 -12 14 -8 -10 13 -8 -13

0 Inlined: 1 7 -10 -8 -10 4 0 0 0 6 0 0 0 4 4-4cyli.dat
0 Official LCad update 98-10

4 7 -6 -8 -10 -6 -8 -8 -6 -2 -8 -6 -2 -10
5 8 -6 -8 -10 -6 -2 -10 -6 -8 -8 -6 -8 -12
4 7 -6 -8 -8 -7 -8 -7 -7 -2 -7 -6 -2 -8
5 8 -6 -8 -8 -6 -2 -8 -7 -8 -7 -6 -8 -10
4 7 -7 -8 -7 -8 -8 -6 -8 -2 -6 -7 -2 -7
5 8 -7 -8 -7 -7 -2 -7 -8 -8 -6 -6 -8 -8
4 7 -8 -8 -6 -10 -8 -6 -10 -2 -6 -8 -2 -6
5 8 -8 -8 -6 -8 -2 -6 -10 -8 -6 -7 -8 -7
4 7 -10 -8 -6 -12 -8 -6 -12 -2 -6 -10 -2 -6
5 8 -10 -8 -6 -10 -2 -6 -12 -8 -6 -8 -8 -6
4 7 -12 -8 -6 -13 -8 -7 -13 -2 -7 -12 -2 -6
5 8 -12 -8 -6 -12 -2 -6 -13 -8 -7 -10 -8 -6
4 7 -13 -8 -7 -14 -8 -8 -14 -2 -8 -13 -2 -7
5 8 -13 -8 -7 -13 -2 -7 -14 -8 -8 -12 -8 -6
4 7 -14 -8 -8 -14 -8 -10 -14 -2 -10 -14 -2 -8
5 8 -14 -8 -8 -14 -2 -8 -14 -8 -10 -13 -8 -7
4 7 -14 -8 -10 -14 -8 -12 -14 -2 -12 -14 -2 -10
5 8 -14 -8 -10 -14 -2 -10 -14 -8 -12 -14 -8 -8
4 7 -14 -8 -12 -13 -8 -13 -13 -2 -13 -14 -2 -12
5 8 -14 -8 -12 -14 -2 -12 -13 -8 -13 -14 -8 -10
4 7 -13 -8 -13 -12 -8 -14 -12 -2 -14 -13 -2 -13
5 8 -13 -8 -13 -13 -2 -13 -12 -8 -14 -14 -8 -12
4 7 -12 -8 -14 -10 -8 -14 -10 -2 -14 -12 -2 -14
5 8 -12 -8 -14 -12 -2 -14 -10 -8 -14 -13 -8 -13
4 7 -10 -8 -14 -8 -8 -14 -8 -2 -14 -10 -2 -14
5 8 -10 -8 -14 -10 -2 -14 -8 -8 -14 -12 -8 -14
4 7 -8 -8 -14 -7 -8 -13 -7 -2 -13 -8 -2 -14
5 8 -8 -8 -14 -8 -2 -14 -7 -8 -13 -10 -8 -14
4 7 -7 -8 -13 -6 -8 -12 -6 -2 -12 -7 -2 -13
5 8 -7 -8 -13 -7 -2 -13 -6 -8 -12 -8 -8 -14
4 7 -6 -8 -12 -6 -8 -10 -6 -2 -10 -6 -2 -12
5 8 -6 -8 -12 -6 -2 -12 -6 -8 -10 -7 -8 -13

0 Inlined: 1 7 10 -8 -10 6 0 0 0 4 0 0 0 6 4-4cyli.dat
0 Official LCad update 98-10

4 7 16 -8 -10 16 -8 -8 16 -4 -8 16 -4 -10
5 8 16 -8 -10 16 -4 -10 16 -8 -8 16 -8 -12
4 7 16 -8 -8 14 -8 -6 14 -4 -6 16 -4 -8
5 8 16 -8 -8 16 -4 -8 14 -8 -6 16 -8 -10
4 7 14 -8 -6 12 -8 -4 12 -4 -4 14 -4 -6
5 8 14 -8 -6 14 -4 -6 12 -8 -4 16 -8 -8
4 7 12 -8 -4 10 -8 -4 10 -4 -4 12 -4 -4
5 8 12 -8 -4 12 -4 -4 10 -8 -4 14 -8 -6
4 7 10 -8 -4 8 -8 -4 8 -4 -4 10 -4 -4
5 8 10 -8 -4 10 -4 -4 8 -8 -4 12 -8 -4
4 7 8 -8 -4 6 -8 -6 6 -4 -6 8 -4 -4
5 8 8 -8 -4 8 -4 -4 6 -8 -6 10 -8 -4
4 7 6 -8 -6 4 -8 -8 4 -4 -8 6 -4 -6
5 8 6 -8 -6 6 -4 -6 4 -8 -8 8 -8 -4
4 7 4 -8 -8 4 -8 -10 4 -4 -10 4 -4 -8
5 8 4 -8 -8 4 -4 -8 4 -8 -10 6 -8 -6
4 7 4 -8 -10 4 -8 -12 4 -4 -12 4 -4 -10
5 8 4 -8 -10 4 -4 -10 4 -8 -12 4 -8 -8
4 7 4 -8 -12 6 -8 -14 6 -4 -14 4 -4 -12
5 8 4 -8 -12 4 -4 -12 6 -8 -14 4 -8 -10
4 7 6 -8 -14 8 -8 -16 8 -4 -16 6 -4 -14
5 8 6 -8 -14 6 -4 -14 8 -8 -16 4 -8 -12
4 7 8 -8 -16 10 -8 -16 10 -4 -16 8 -4 -16
5 8 8 -8 -16 8 -4 -16 10 -8 -16 6 -8 -14
4 7 10 -8 -16 12 -8 -16 12 -4 -16 10 -4 -16
5 8 10 -8 -16 10 -4 -16 12 -8 -16 8 -8 -16
4 7 12 -8 -16 14 -8 -14 14 -4 -14 12 -4 -16
5 8 12 -8 -16 12 -4 -16 14 -8 -14 10 -8 -16
4 7 14 -8 -14 16 -8 -12 16 -4 -12 14 -4 -14
5 8 14 -8 -14 14 -4 -14 16 -8 -12 12 -8 -16
4 7 16 -8 -12 16 -8 -10 16 -4 -10 16 -4 -12
5 8 16 -8 -12 16 -4 -12 16 -8 -10 14 -8 -14

0 Inlined: 1 7 -10 -8 -10 6 0 0 0 4 0 0 0 6 4-4cyli.dat
0 Official LCad update 98-10

4 7 -4 -8 -10 -4 -8 -8 -4 -4 -8 -4 -4 -10
5 8 -4 -8 -10 -4 -4 -10 -4 -8 -8 -4 -8 -12
4 7 -4 -8 -8 -6 -8 -6 -6 -4 -6 -4 -4 -8
5 8 -4 -8 -8 -4 -4 -8 -6 -8 -6 -4 -8 -10
4 7 -6 -8 -6 -8 -8 -4 -8 -4 -4 -6 -4 -6
5 8 -6 -8 -6 -6 -4 -6 -8 -8 -4 -4 -8 -8
4 7 -8 -8 -4 -10 -8 -4 -10 -4 -4 -8 -4 -4
5 8 -8 -8 -4 -8 -4 -4 -10 -8 -4 -6 -8 -6
4 7 -10 -8 -4 -12 -8 -4 -12 -4 -4 -10 -4 -4
5 8 -10 -8 -4 -10 -4 -4 -12 -8 -4 -8 -8 -4
4 7 -12 -8 -4 -14 -8 -6 -14 -4 -6 -12 -4 -4
5 8 -12 -8 -4 -12 -4 -4 -14 -8 -6 -10 -8 -4
4 7 -14 -8 -6 -16 -8 -8 -16 -4 -8 -14 -4 -6
5 8 -14 -8 -6 -14 -4 -6 -16 -8 -8 -12 -8 -4
4 7 -16 -8 -8 -16 -8 -10 -16 -4 -10 -16 -4 -8
5 8 -16 -8 -8 -16 -4 -8 -16 -8 -10 -14 -8 -6
4 7 -16 -8 -10 -16 -8 -12 -16 -4 -12 -16 -4 -10
5 8 -16 -8 -10 -16 -4 -10 -16 -8 -12 -16 -8 -8
4 7 -16 -8 -12 -14 -8 -14 -14 -4 -14 -16 -4 -12
5 8 -16 -8 -12 -16 -4 -12 -14 -8 -14 -16 -8 -10
4 7 -14 -8 -14 -12 -8 -16 -12 -4 -16 -14 -4 -14
5 8 -14 -8 -14 -14 -4 -14 -12 -8 -16 -16 -8 -12
4 7 -12 -8 -16 -10 -8 -16 -10 -4 -16 -12 -4 -16
5 8 -12 -8 -16 -12 -4 -16 -10 -8 -16 -14 -8 -14
4 7 -10 -8 -16 -8 -8 -16 -8 -4 -16 -10 -4 -16
5 8 -10 -8 -16 -10 -4 -16 -8 -8 -16 -12 -8 -16
4 7 -8 -8 -16 -6 -8 -14 -6 -4 -14 -8 -4 -16
5 8 -8 -8 -16 -8 -4 -16 -6 -8 -14 -10 -8 -16
4 7 -6 -8 -14 -4 -8 -12 -4 -4 -12 -6 -4 -14
5 8 -6 -8 -14 -6 -4 -14 -4 -8 -12 -8 -8 -16
4 7 -4 -8 -12 -4 -8 -10 -4 -4 -10 -4 -4 -12
5 8 -4 -8 -12 -4 -4 -12 -4 -8 -10 -6 -8 -14


4 7 20 16 0 20 -4 -20 20 -8 20 20 16 20
4 7 20 16 0 20 -4 -20 -20 -4 -20 -20 16 0
4 7 20 16 20 20 -8 20 -20 -8 20 -20 16 20
4 7 -20 16 0 -20 -4 -20 -20 -8 20 -20 16 20
3 7 20 -8 -20 20 -4 -20 20 -8 20
4 7 20 -8 -20 20 -4 -20 -20 -4 -20 -20 -8 -20
3 7 -20 -8 -20 -20 -4 -20 -20 -8 20

4 7 18 12 0 18 -4 -16 -18 -4 -16 -18 12 0
4 7 18 12 0 18 -8 0 18 -8 -16 18 -4 -16
4 7 -18 12 0 -18 -8 0 -18 -8 -16 -18 -4 -16
4 7 18 12 0 18 -8 0 -18 -8 0 -18 12 0
4 7 18 -4 -16 18 -8 -16 -18 -8 -16 -18 -4 -16

4 7 20 -8 20 18 -8 0 -18 -8 0 -20 -8 20
4 7 -20 -8 20 -18 -8 0 -18 -8 -16 -20 -8 -20
4 7 -20 -8 -20 -18 -8 -16 18 -8 -16 20 -8 -20
4 7 20 -8 -20 18 -8 -16 18 -8 0 20 -8 20

0 Inlined: 1 7 10 -8 10 1 0 0 0 1 0 0 0 1 stud.dat
0 Inlined: 1 7 10 -8 10 6 0 0 0 0 0 0 0 6 4-4edge.dat
0 Official LCad update 98-10

2 8 16 -8 10 16 -8 12
2 8 16 -8 12 14 -8 14
2 8 14 -8 14 12 -8 16
2 8 12 -8 16 10 -8 16
2 8 10 -8 16 8 -8 16
2 8 8 -8 16 6 -8 14
2 8 6 -8 14 4 -8 12
2 8 4 -8 12 4 -8 10
2 8 4 -8 10 4 -8 8
2 8 4 -8 8 6 -8 6
2 8 6 -8 6 8 -8 4
2 8 8 -8 4 10 -8 4
2 8 10 -8 4 12 -8 4
2 8 12 -8 4 14 -8 6
2 8 14 -8 6 16 -8 8
2 8 16 -8 8 16 -8 10

0 Inlined: 1 7 10 -12 10 6 0 0 0 0 0 0 0 6 4-4edge.dat
0 Official LCad update 98-10

2 8 16 -12 10 16 -12 12
2 8 16 -12 12 14 -12 14
2 8 14 -12 14 12 -12 16
2 8 12 -12 16 10 -12 16
2 8 10 -12 16 8 -12 16
2 8 8 -12 16 6 -12 14
2 8 6 -12 14 4 -12 12
2 8 4 -12 12 4 -12 10
2 8 4 -12 10 4 -12 8
2 8 4 -12 8 6 -12 6
2 8 6 -12 6 8 -12 4
2 8 8 -12 4 10 -12 4
2 8 10 -12 4 12 -12 4
2 8 12 -12 4 14 -12 6
2 8 14 -12 6 16 -12 8
2 8 16 -12 8 16 -12 10

0 Inlined: 1 7 10 -8 10 6 0 0 0 -4 0 0 0 6 4-4cyli.dat
0 Official LCad update 98-10

4 7 16 -8 10 16 -8 12 16 -12 12 16 -12 10
5 8 16 -8 10 16 -12 10 16 -8 12 16 -8 8
4 7 16 -8 12 14 -8 14 14 -12 14 16 -12 12
5 8 16 -8 12 16 -12 12 14 -8 14 16 -8 10
4 7 14 -8 14 12 -8 16 12 -12 16 14 -12 14
5 8 14 -8 14 14 -12 14 12 -8 16 16 -8 12
4 7 12 -8 16 10 -8 16 10 -12 16 12 -12 16
5 8 12 -8 16 12 -12 16 10 -8 16 14 -8 14
4 7 10 -8 16 8 -8 16 8 -12 16 10 -12 16
5 8 10 -8 16 10 -12 16 8 -8 16 12 -8 16
4 7 8 -8 16 6 -8 14 6 -12 14 8 -12 16
5 8 8 -8 16 8 -12 16 6 -8 14 10 -8 16
4 7 6 -8 14 4 -8 12 4 -12 12 6 -12 14
5 8 6 -8 14 6 -12 14 4 -8 12 8 -8 16
4 7 4 -8 12 4 -8 10 4 -12 10 4 -12 12
5 8 4 -8 12 4 -12 12 4 -8 10 6 -8 14
4 7 4 -8 10 4 -8 8 4 -12 8 4 -12 10
5 8 4 -8 10 4 -12 10 4 -8 8 4 -8 12
4 7 4 -8 8 6 -8 6 6 -12 6 4 -12 8
5 8 4 -8 8 4 -12 8 6 -8 6 4 -8 10
4 7 6 -8 6 8 -8 4 8 -12 4 6 -12 6
5 8 6 -8 6 6 -12 6 8 -8 4 4 -8 8
4 7 8 -8 4 10 -8 4 10 -12 4 8 -12 4
5 8 8 -8 4 8 -12 4 10 -8 4 6 -8 6
4 7 10 -8 4 12 -8 4 12 -12 4 10 -12 4
5 8 10 -8 4 10 -12 4 12 -8 4 8 -8 4
4 7 12 -8 4 14 -8 6 14 -12 6 12 -12 4
5 8 12 -8 4 12 -12 4 14 -8 6 10 -8 4
4 7 14 -8 6 16 -8 8 16 -12 8 14 -12 6
5 8 14 -8 6 14 -12 6 16 -8 8 12 -8 4
4 7 16 -8 8 16 -8 10 16 -12 10 16 -12 8
5 8 16 -8 8 16 -12 8 16 -8 10 14 -8 6

0 Inlined: 1 7 10 -12 10 6 0 0 0 0 0 0 0 6 4-4disc.dat
0 Disc
0 Official LCad update 98-10

3 7 10 -12 10 16 -12 10 16 -12 12
3 7 10 -12 10 16 -12 12 14 -12 14
3 7 10 -12 10 14 -12 14 12 -12 16
3 7 10 -12 10 12 -12 16 10 -12 16
3 7 10 -12 10 10 -12 16 8 -12 16
3 7 10 -12 10 8 -12 16 6 -12 14
3 7 10 -12 10 6 -12 14 4 -12 12
3 7 10 -12 10 4 -12 12 4 -12 10
3 7 10 -12 10 4 -12 10 4 -12 8
3 7 10 -12 10 4 -12 8 6 -12 6
3 7 10 -12 10 6 -12 6 8 -12 4
3 7 10 -12 10 8 -12 4 10 -12 4
3 7 10 -12 10 10 -12 4 12 -12 4
3 7 10 -12 10 12 -12 4 14 -12 6
3 7 10 -12 10 14 -12 6 16 -12 8
3 7 10 -12 10 16 -12 8 16 -12 10


0 Inlined: 1 7 10 -8 -10 1 0 0 0 1 0 0 0 1 stud2a.dat
0 Stud 2A
0 Name: stud2a.dat
0 Author: Chris Dee
0 Official LCad update 99-05

0 Inlined: 1 7 10 -12 -10 4 0 0 0 0 0 0 0 4 4-4edge.dat
0 Official LCad update 98-10

2 8 14 -12 -10 14 -12 -8
2 8 14 -12 -8 13 -12 -7
2 8 13 -12 -7 12 -12 -6
2 8 12 -12 -6 10 -12 -6
2 8 10 -12 -6 8 -12 -6
2 8 8 -12 -6 7 -12 -7
2 8 7 -12 -7 6 -12 -8
2 8 6 -12 -8 6 -12 -10
2 8 6 -12 -10 6 -12 -12
2 8 6 -12 -12 7 -12 -13
2 8 7 -12 -13 8 -12 -14
2 8 8 -12 -14 10 -12 -14
2 8 10 -12 -14 12 -12 -14
2 8 12 -12 -14 13 -12 -13
2 8 13 -12 -13 14 -12 -12
2 8 14 -12 -12 14 -12 -10

0 Inlined: 1 7 10 -12 -10 6 0 0 0 0 0 0 0 6 4-4edge.dat
0 Official LCad update 98-10

2 8 16 -12 -10 16 -12 -8
2 8 16 -12 -8 14 -12 -6
2 8 14 -12 -6 12 -12 -4
2 8 12 -12 -4 10 -12 -4
2 8 10 -12 -4 8 -12 -4
2 8 8 -12 -4 6 -12 -6
2 8 6 -12 -6 4 -12 -8
2 8 4 -12 -8 4 -12 -10
2 8 4 -12 -10 4 -12 -12
2 8 4 -12 -12 6 -12 -14
2 8 6 -12 -14 8 -12 -16
2 8 8 -12 -16 10 -12 -16
2 8 10 -12 -16 12 -12 -16
2 8 12 -12 -16 14 -12 -14
2 8 14 -12 -14 16 -12 -12
2 8 16 -12 -12 16 -12 -10


0 Inlined: 1 7 10 -12 -10 4 0 0 0 4 0 0 0 4 4-4cyli.dat
0 Official LCad update 98-10

4 7 14 -12 -10 14 -12 -8 14 -8 -8 14 -8 -10
5 8 14 -12 -10 14 -8 -10 14 -12 -8 14 -12 -12
4 7 14 -12 -8 13 -12 -7 13 -8 -7 14 -8 -8
5 8 14 -12 -8 14 -8 -8 13 -12 -7 14 -12 -10
4 7 13 -12 -7 12 -12 -6 12 -8 -6 13 -8 -7
5 8 13 -12 -7 13 -8 -7 12 -12 -6 14 -12 -8
4 7 12 -12 -6 10 -12 -6 10 -8 -6 12 -8 -6
5 8 12 -12 -6 12 -8 -6 10 -12 -6 13 -12 -7
4 7 10 -12 -6 8 -12 -6 8 -8 -6 10 -8 -6
5 8 10 -12 -6 10 -8 -6 8 -12 -6 12 -12 -6
4 7 8 -12 -6 7 -12 -7 7 -8 -7 8 -8 -6
5 8 8 -12 -6 8 -8 -6 7 -12 -7 10 -12 -6
4 7 7 -12 -7 6 -12 -8 6 -8 -8 7 -8 -7
5 8 7 -12 -7 7 -8 -7 6 -12 -8 8 -12 -6
4 7 6 -12 -8 6 -12 -10 6 -8 -10 6 -8 -8
5 8 6 -12 -8 6 -8 -8 6 -12 -10 7 -12 -7
4 7 6 -12 -10 6 -12 -12 6 -8 -12 6 -8 -10
5 8 6 -12 -10 6 -8 -10 6 -12 -12 6 -12 -8
4 7 6 -12 -12 7 -12 -13 7 -8 -13 6 -8 -12
5 8 6 -12 -12 6 -8 -12 7 -12 -13 6 -12 -10
4 7 7 -12 -13 8 -12 -14 8 -8 -14 7 -8 -13
5 8 7 -12 -13 7 -8 -13 8 -12 -14 6 -12 -12
4 7 8 -12 -14 10 -12 -14 10 -8 -14 8 -8 -14
5 8 8 -12 -14 8 -8 -14 10 -12 -14 7 -12 -13
4 7 10 -12 -14 12 -12 -14 12 -8 -14 10 -8 -14
5 8 10 -12 -14 10 -8 -14 12 -12 -14 8 -12 -14
4 7 12 -12 -14 13 -12 -13 13 -8 -13 12 -8 -14
5 8 12 -12 -14 12 -8 -14 13 -12 -13 10 -12 -14
4 7 13 -12 -13 14 -12 -12 14 -8 -12 13 -8 -13
5 8 13 -12 -13 13 -8 -13 14 -12 -12 12 -12 -14
4 7 14 -12 -12 14 -12 -10 14 -8 -10 14 -8 -12
5 8 14 -12 -12 14 -8 -12 14 -12 -10 13 -12 -13

0 Inlined: 1 7 10 -12 -10 6 0 0 0 4 0 0 0 6 4-4cyli.dat
0 Official LCad update 98-10

4 7 16 -12 -10 16 -12 -8 16 -8 -8 16 -8 -10
5 8 16 -12 -10 16 -8 -10 16 -12 -8 16 -12 -12
4 7 16 -12 -8 14 -12 -6 14 -8 -6 16 -8 -8
5 8 16 -12 -8 16 -8 -8 14 -12 -6 16 -12 -10
4 7 14 -12 -6 12 -12 -4 12 -8 -4 14 -8 -6
5 8 14 -12 -6 14 -8 -6 12 -12 -4 16 -12 -8
4 7 12 -12 -4 10 -12 -4 10 -8 -4 12 -8 -4
5 8 12 -12 -4 12 -8 -4 10 -12 -4 14 -12 -6
4 7 10 -12 -4 8 -12 -4 8 -8 -4 10 -8 -4
5 8 10 -12 -4 10 -8 -4 8 -12 -4 12 -12 -4
4 7 8 -12 -4 6 -12 -6 6 -8 -6 8 -8 -4
5 8 8 -12 -4 8 -8 -4 6 -12 -6 10 -12 -4
4 7 6 -12 -6 4 -12 -8 4 -8 -8 6 -8 -6
5 8 6 -12 -6 6 -8 -6 4 -12 -8 8 -12 -4
4 7 4 -12 -8 4 -12 -10 4 -8 -10 4 -8 -8
5 8 4 -12 -8 4 -8 -8 4 -12 -10 6 -12 -6
4 7 4 -12 -10 4 -12 -12 4 -8 -12 4 -8 -10
5 8 4 -12 -10 4 -8 -10 4 -12 -12 4 -12 -8
4 7 4 -12 -12 6 -12 -14 6 -8 -14 4 -8 -12
5 8 4 -12 -12 4 -8 -12 6 -12 -14 4 -12 -10
4 7 6 -12 -14 8 -12 -16 8 -8 -16 6 -8 -14
5 8 6 -12 -14 6 -8 -14 8 -12 -16 4 -12 -12
4 7 8 -12 -16 10 -12 -16 10 -8 -16 8 -8 -16
5 8 8 -12 -16 8 -8 -16 10 -12 -16 6 -12 -14
4 7 10 -12 -16 12 -12 -16 12 -8 -16 10 -8 -16
5 8 10 -12 -16 10 -8 -16 12 -12 -16 8 -12 -16
4 7 12 -12 -16 14 -12 -14 14 -8 -14 12 -8 -16
5 8 12 -12 -16 12 -8 -16 14 -12 -14 10 -12 -16
4 7 14 -12 -14 16 -12 -12 16 -8 -12 14 -8 -14
5 8 14 -12 -14 14 -8 -14 16 -12 -12 12 -12 -16
4 7 16 -12 -12 16 -12 -10 16 -8 -10 16 -8 -12
5 8 16 -12 -12 16 -8 -12 16 -12 -10 14 -12 -14

0 Inlined: 1 7 10 -12 -10 2 0 0 0 0 0 0 0 2 ring2.dat
0 Official LCad update 98-10

4 7 10 -12 -6 8 -12 -6 8 -12 -4 10 -12 -4
4 7 8 -12 -6 7 -12 -7 6 -12 -6 8 -12 -4
4 7 7 -12 -7 6 -12 -8 4 -12 -8 6 -12 -6
4 7 6 -12 -8 6 -12 -10 4 -12 -10 4 -12 -8
4 7 6 -12 -10 6 -12 -12 4 -12 -12 4 -12 -10
4 7 6 -12 -12 7 -12 -13 6 -12 -14 4 -12 -12
4 7 7 -12 -13 8 -12 -14 8 -12 -16 6 -12 -14
4 7 8 -12 -14 10 -12 -14 10 -12 -16 8 -12 -16
4 7 10 -12 -14 12 -12 -14 12 -12 -16 10 -12 -16
4 7 12 -12 -14 13 -12 -13 14 -12 -14 12 -12 -16
4 7 13 -12 -13 14 -12 -12 16 -12 -12 14 -12 -14
4 7 14 -12 -12 14 -12 -10 16 -12 -10 16 -12 -12
4 7 14 -12 -10 14 -12 -8 16 -12 -8 16 -12 -10
4 7 14 -12 -8 13 -12 -7 14 -12 -6 16 -12 -8
4 7 13 -12 -7 12 -12 -6 12 -12 -4 14 -12 -6
4 7 12 -12 -6 10 -12 -6 10 -12 -4 12 -12 -4

0

0 Inlined: 1 7 -10 -8 10 1 0 0 0 1 0 0 0 1 stud.dat
0 Inlined: 1 7 -10 -8 10 6 0 0 0 0 0 0 0 6 4-4edge.dat
0 Official LCad update 98-10

2 8 -4 -8 10 -4 -8 12
2 8 -4 -8 12 -6 -8 14
2 8 -6 -8 14 -8 -8 16
2 8 -8 -8 16 -10 -8 16
2 8 -10 -8 16 -12 -8 16
2 8 -12 -8 16 -14 -8 14
2 8 -14 -8 14 -16 -8 12
2 8 -16 -8 12 -16 -8 10
2 8 -16 -8 10 -16 -8 8
2 8 -16 -8 8 -14 -8 6
2 8 -14 -8 6 -12 -8 4
2 8 -12 -8 4 -10 -8 4
2 8 -10 -8 4 -8 -8 4
2 8 -8 -8 4 -6 -8 6
2 8 -6 -8 6 -4 -8 8
2 8 -4 -8 8 -4 -8 10

0 Inlined: 1 7 -10 -12 10 6 0 0 0 0 0 0 0 6 4-4edge.dat
0 Official LCad update 98-10

2 8 -4 -12 10 -4 -12 12
2 8 -4 -12 12 -6 -12 14
2 8 -6 -12 14 -8 -12 16
2 8 -8 -12 16 -10 -12 16
2 8 -10 -12 16 -12 -12 16
2 8 -12 -12 16 -14 -12 14
2 8 -14 -12 14 -16 -12 12
2 8 -16 -12 12 -16 -12 10
2 8 -16 -12 10 -16 -12 8
2 8 -16 -12 8 -14 -12 6
2 8 -14 -12 6 -12 -12 4
2 8 -12 -12 4 -10 -12 4
2 8 -10 -12 4 -8 -12 4
2 8 -8 -12 4 -6 -12 6
2 8 -6 -12 6 -4 -12 8
2 8 -4 -12 8 -4 -12 10

0 Inlined: 1 7 -10 -8 10 6 0 0 0 -4 0 0 0 6 4-4cyli.dat
0 Official LCad update 98-10

4 7 -4 -8 10 -4 -8 12 -4 -12 12 -4 -12 10
5 8 -4 -8 10 -4 -12 10 -4 -8 12 -4 -8 8
4 7 -4 -8 12 -6 -8 14 -6 -12 14 -4 -12 12
5 8 -4 -8 12 -4 -12 12 -6 -8 14 -4 -8 10
4 7 -6 -8 14 -8 -8 16 -8 -12 16 -6 -12 14
5 8 -6 -8 14 -6 -12 14 -8 -8 16 -4 -8 12
4 7 -8 -8 16 -10 -8 16 -10 -12 16 -8 -12 16
5 8 -8 -8 16 -8 -12 16 -10 -8 16 -6 -8 14
4 7 -10 -8 16 -12 -8 16 -12 -12 16 -10 -12 16
5 8 -10 -8 16 -10 -12 16 -12 -8 16 -8 -8 16
4 7 -12 -8 16 -14 -8 14 -14 -12 14 -12 -12 16
5 8 -12 -8 16 -12 -12 16 -14 -8 14 -10 -8 16
4 7 -14 -8 14 -16 -8 12 -16 -12 12 -14 -12 14
5 8 -14 -8 14 -14 -12 14 -16 -8 12 -12 -8 16
4 7 -16 -8 12 -16 -8 10 -16 -12 10 -16 -12 12
5 8 -16 -8 12 -16 -12 12 -16 -8 10 -14 -8 14
4 7 -16 -8 10 -16 -8 8 -16 -12 8 -16 -12 10
5 8 -16 -8 10 -16 -12 10 -16 -8 8 -16 -8 12
4 7 -16 -8 8 -14 -8 6 -14 -12 6 -16 -12 8
5 8 -16 -8 8 -16 -12 8 -14 -8 6 -16 -8 10
4 7 -14 -8 6 -12 -8 4 -12 -12 4 -14 -12 6
5 8 -14 -8 6 -14 -12 6 -12 -8 4 -16 -8 8
4 7 -12 -8 4 -10 -8 4 -10 -12 4 -12 -12 4
5 8 -12 -8 4 -12 -12 4 -10 -8 4 -14 -8 6
4 7 -10 -8 4 -8 -8 4 -8 -12 4 -10 -12 4
5 8 -10 -8 4 -10 -12 4 -8 -8 4 -12 -8 4
4 7 -8 -8 4 -6 -8 6 -6 -12 6 -8 -12 4
5 8 -8 -8 4 -8 -12 4 -6 -8 6 -10 -8 4
4 7 -6 -8 6 -4 -8 8 -4 -12 8 -6 -12 6
5 8 -6 -8 6 -6 -12 6 -4 -8 8 -8 -8 4
4 7 -4 -8 8 -4 -8 10 -4 -12 10 -4 -12 8
5 8 -4 -8 8 -4 -12 8 -4 -8 10 -6 -8 6

0 Inlined: 1 7 -10 -12 10 6 0 0 0 0 0 0 0 6 4-4disc.dat
0 Disc
0 Official LCad update 98-10

3 7 -10 -12 10 -4 -12 10 -4 -12 12
3 7 -10 -12 10 -4 -12 12 -6 -12 14
3 7 -10 -12 10 -6 -12 14 -8 -12 16
3 7 -10 -12 10 -8 -12 16 -10 -12 16
3 7 -10 -12 10 -10 -12 16 -12 -12 16
3 7 -10 -12 10 -12 -12 16 -14 -12 14
3 7 -10 -12 10 -14 -12 14 -16 -12 12
3 7 -10 -12 10 -16 -12 12 -16 -12 10
3 7 -10 -12 10 -16 -12 10 -16 -12 8
3 7 -10 -12 10 -16 -12 8 -14 -12 6
3 7 -10 -12 10 -14 -12 6 -12 -12 4
3 7 -10 -12 10 -12 -12 4 -10 -12 4
3 7 -10 -12 10 -10 -12 4 -8 -12 4
3 7 -10 -12 10 -8 -12 4 -6 -12 6
3 7 -10 -12 10 -6 -12 6 -4 -12 8
3 7 -10 -12 10 -4 -12 8 -4 -12 10


0 Inlined: 1 7 -10 -8 -10 1 0 0 0 1 0 0 0 1 stud2a.dat
0 Stud 2A
0 Name: stud2a.dat
0 Author: Chris Dee
0 Official LCad update 99-05

0 Inlined: 1 7 -10 -12 -10 4 0 0 0 0 0 0 0 4 4-4edge.dat
0 Official LCad update 98-10

2 8 -6 -12 -10 -6 -12 -8
2 8 -6 -12 -8 -7 -12 -7
2 8 -7 -12 -7 -8 -12 -6
2 8 -8 -12 -6 -10 -12 -6
2 8 -10 -12 -6 -12 -12 -6
2 8 -12 -12 -6 -13 -12 -7
2 8 -13 -12 -7 -14 -12 -8
2 8 -14 -12 -8 -14 -12 -10
2 8 -14 -12 -10 -14 -12 -12
2 8 -14 -12 -12 -13 -12 -13
2 8 -13 -12 -13 -12 -12 -14
2 8 -12 -12 -14 -10 -12 -14
2 8 -10 -12 -14 -8 -12 -14
2 8 -8 -12 -14 -7 -12 -13
2 8 -7 -12 -13 -6 -12 -12
2 8 -6 -12 -12 -6 -12 -10

0 Inlined: 1 7 -10 -12 -10 6 0 0 0 0 0 0 0 6 4-4edge.dat
0 Official LCad update 98-10

2 8 -4 -12 -10 -4 -12 -8
2 8 -4 -12 -8 -6 -12 -6
2 8 -6 -12 -6 -8 -12 -4
2 8 -8 -12 -4 -10 -12 -4
2 8 -10 -12 -4 -12 -12 -4
2 8 -12 -12 -4 -14 -12 -6
2 8 -14 -12 -6 -16 -12 -8
2 8 -16 -12 -8 -16 -12 -10
2 8 -16 -12 -10 -16 -12 -12
2 8 -16 -12 -12 -14 -12 -14
2 8 -14 -12 -14 -12 -12 -16
2 8 -12 -12 -16 -10 -12 -16
2 8 -10 -12 -16 -8 -12 -16
2 8 -8 -12 -16 -6 -12 -14
2 8 -6 -12 -14 -4 -12 -12
2 8 -4 -12 -12 -4 -12 -10


0 Inlined: 1 7 -10 -12 -10 4 0 0 0 4 0 0 0 4 4-4cyli.dat
0 Official LCad update 98-10

4 7 -6 -12 -10 -6 -12 -8 -6 -8 -8 -6 -8 -10
5 8 -6 -12 -10 -6 -8 -10 -6 -12 -8 -6 -12 -12
4 7 -6 -12 -8 -7 -12 -7 -7 -8 -7 -6 -8 -8
5 8 -6 -12 -8 -6 -8 -8 -7 -12 -7 -6 -12 -10
4 7 -7 -12 -7 -8 -12 -6 -8 -8 -6 -7 -8 -7
5 8 -7 -12 -7 -7 -8 -7 -8 -12 -6 -6 -12 -8
4 7 -8 -12 -6 -10 -12 -6 -10 -8 -6 -8 -8 -6
5 8 -8 -12 -6 -8 -8 -6 -10 -12 -6 -7 -12 -7
4 7 -10 -12 -6 -12 -12 -6 -12 -8 -6 -10 -8 -6
5 8 -10 -12 -6 -10 -8 -6 -12 -12 -6 -8 -12 -6
4 7 -12 -12 -6 -13 -12 -7 -13 -8 -7 -12 -8 -6
5 8 -12 -12 -6 -12 -8 -6 -13 -12 -7 -10 -12 -6
4 7 -13 -12 -7 -14 -12 -8 -14 -8 -8 -13 -8 -7
5 8 -13 -12 -7 -13 -8 -7 -14 -12 -8 -12 -12 -6
4 7 -14 -12 -8 -14 -12 -10 -14 -8 -10 -14 -8 -8
5 8 -14 -12 -8 -14 -8 -8 -14 -12 -10 -13 -12 -7
4 7 -14 -12 -10 -14 -12 -12 -14 -8 -12 -14 -8 -10
5 8 -14 -12 -10 -14 -8 -10 -14 -12 -12 -14 -12 -8
4 7 -14 -12 -12 -13 -12 -13 -13 -8 -13 -14 -8 -12
5 8 -14 -12 -12 -14 -8 -12 -13 -12 -13 -14 -12 -10
4 7 -13 -12 -13 -12 -12 -14 -12 -8 -14 -13 -8 -13
5 8 -13 -12 -13 -13 -8 -13 -12 -12 -14 -14 -12 -12
4 7 -12 -12 -14 -10 -12 -14 -10 -8 -14 -12 -8 -14
5 8 -12 -12 -14 -12 -8 -14 -10 -12 -14 -13 -12 -13
4 7 -10 -12 -14 -8 -12 -14 -8 -8 -14 -10 -8 -14
5 8 -10 -12 -14 -10 -8 -14 -8 -12 -14 -12 -12 -14
4 7 -8 -12 -14 -7 -12 -13 -7 -8 -13 -8 -8 -14
5 8 -8 -12 -14 -8 -8 -14 -7 -12 -13 -10 -12 -14
4 7 -7 -12 -13 -6 -12 -12 -6 -8 -12 -7 -8 -13
5 8 -7 -12 -13 -7 -8 -13 -6 -12 -12 -8 -12 -14
4 7 -6 -12 -12 -6 -12 -10 -6 -8 -10 -6 -8 -12
5 8 -6 -12 -12 -6 -8 -12 -6 -12 -10 -7 -12 -13

0 Inlined: 1 7 -10 -12 -10 6 0 0 0 4 0 0 0 6 4-4cyli.dat
0 Official LCad update 98-10

4 7 -4 -12 -10 -4 -12 -8 -4 -8 -8 -4 -8 -10
5 8 -4 -12 -10 -4 -8 -10 -4 -12 -8 -4 -12 -12
4 7 -4 -12 -8 -6 -12 -6 -6 -8 -6 -4 -8 -8
5 8 -4 -12 -8 -4 -8 -8 -6 -12 -6 -4 -12 -10
4 7 -6 -12 -6 -8 -12 -4 -8 -8 -4 -6 -8 -6
5 8 -6 -12 -6 -6 -8 -6 -8 -12 -4 -4 -12 -8
4 7 -8 -12 -4 -10 -12 -4 -10 -8 -4 -8 -8 -4
5 8 -8 -12 -4 -8 -8 -4 -10 -12 -4 -6 -12 -6
4 7 -10 -12 -4 -12 -12 -4 -12 -8 -4 -10 -8 -4
5 8 -10 -12 -4 -10 -8 -4 -12 -12 -4 -8 -12 -4
4 7 -12 -12 -4 -14 -12 -6 -14 -8 -6 -12 -8 -4
5 8 -12 -12 -4 -12 -8 -4 -14 -12 -6 -10 -12 -4
4 7 -14 -12 -6 -16 -12 -8 -16 -8 -8 -14 -8 -6
5 8 -14 -12 -6 -14 -8 -6 -16 -12 -8 -12 -12 -4
4 7 -16 -12 -8 -16 -12 -10 -16 -8 -10 -16 -8 -8
5 8 -16 -12 -8 -16 -8 -8 -16 -12 -10 -14 -12 -6
4 7 -16 -12 -10 -16 -12 -12 -16 -8 -12 -16 -8 -10
5 8 -16 -12 -10 -16 -8 -10 -16 -12 -12 -16 -12 -8
4 7 -16 -12 -12 -14 -12 -14 -14 -8 -14 -16 -8 -12
5 8 -16 -12 -12 -16 -8 -12 -14 -12 -14 -16 -12 -10
4 7 -14 -12 -14 -12 -12 -16 -12 -8 -16 -14 -8 -14
5 8 -14 -12 -14 -14 -8 -14 -12 -12 -16 -16 -12 -12
4 7 -12 -12 -16 -10 -12 -16 -10 -8 -16 -12 -8 -16
5 8 -12 -12 -16 -12 -8 -16 -10 -12 -16 -14 -12 -14
4 7 -10 -12 -16 -8 -12 -16 -8 -8 -16 -10 -8 -16
5 8 -10 -12 -16 -10 -8 -16 -8 -12 -16 -12 -12 -16
4 7 -8 -12 -16 -6 -12 -14 -6 -8 -14 -8 -8 -16
5 8 -8 -12 -16 -8 -8 -16 -6 -12 -14 -10 -12 -16
4 7 -6 -12 -14 -4 -12 -12 -4 -8 -12 -6 -8 -14
5 8 -6 -12 -14 -6 -8 -14 -4 -12 -12 -8 -12 -16
4 7 -4 -12 -12 -4 -12 -10 -4 -8 -10 -4 -8 -12
5 8 -4 -12 -12 -4 -8 -12 -4 -12 -10 -6 -12 -14

0 Inlined: 1 7 -10 -12 -10 2 0 0 0 0 0 0 0 2 ring2.dat
0 Official LCad update 98-10

4 7 -10 -12 -6 -12 -12 -6 -12 -12 -4 -10 -12 -4
4 7 -12 -12 -6 -13 -12 -7 -14 -12 -6 -12 -12 -4
4 7 -13 -12 -7 -14 -12 -8 -16 -12 -8 -14 -12 -6
4 7 -14 -12 -8 -14 -12 -10 -16 -12 -10 -16 -12 -8
4 7 -14 -12 -10 -14 -12 -12 -16 -12 -12 -16 -12 -10
4 7 -14 -12 -12 -13 -12 -13 -14 -12 -14 -16 -12 -12
4 7 -13 -12 -13 -12 -12 -14 -12 -12 -16 -14 -12 -14
4 7 -12 -12 -14 -10 -12 -14 -10 -12 -16 -12 -12 -16
4 7 -10 -12 -14 -8 -12 -14 -8 -12 -16 -10 -12 -16
4 7 -8 -12 -14 -7 -12 -13 -6 -12 -14 -8 -12 -16
4 7 -7 -12 -13 -6 -12 -12 -4 -12 -12 -6 -12 -14
4 7 -6 -12 -12 -6 -12 -10 -4 -12 -10 -4 -12 -12
4 7 -6 -12 -10 -6 -12 -8 -4 -12 -8 -4 -12 -10
4 7 -6 -12 -8 -7 -12 -7 -6 -12 -6 -4 -12 -8
4 7 -7 -12 -7 -8 -12 -6 -8 -12 -4 -6 -12 -6
4 7 -8 -12 -6 -10 -12 -6 -10 -12 -4 -8 -12 -4

0


0 Inlined: 1 0 0 -16 10 1 0 0 0 1 0 0 0 1 3794.DAT
0 Plate  1 x  2 with 1 Stud

0 Inlined: 1 0 0 -12 10 1 0 0 0 -1 0 0 0 1 stud3.dat
0 Inlined: 1 0 0 -8 10 4 0 0 0 0 0 0 0 4 4-4edge.dat
0 Official LCad update 98-10

2 8 4 -8 10 4 -8 12
2 8 4 -8 12 3 -8 13
2 8 3 -8 13 2 -8 14
2 8 2 -8 14 0 -8 14
2 8 0 -8 14 -2 -8 14
2 8 -2 -8 14 -3 -8 13
2 8 -3 -8 13 -4 -8 12
2 8 -4 -8 12 -4 -8 10
2 8 -4 -8 10 -4 -8 8
2 8 -4 -8 8 -3 -8 7
2 8 -3 -8 7 -2 -8 6
2 8 -2 -8 6 0 -8 6
2 8 0 -8 6 2 -8 6
2 8 2 -8 6 3 -8 7
2 8 3 -8 7 4 -8 8
2 8 4 -8 8 4 -8 10

0 Inlined: 1 0 0 -12 10 4 0 0 0 0 0 0 0 4 4-4edge.dat
0 Official LCad update 98-10

2 8 4 -12 10 4 -12 12
2 8 4 -12 12 3 -12 13
2 8 3 -12 13 2 -12 14
2 8 2 -12 14 0 -12 14
2 8 0 -12 14 -2 -12 14
2 8 -2 -12 14 -3 -12 13
2 8 -3 -12 13 -4 -12 12
2 8 -4 -12 12 -4 -12 10
2 8 -4 -12 10 -4 -12 8
2 8 -4 -12 8 -3 -12 7
2 8 -3 -12 7 -2 -12 6
2 8 -2 -12 6 0 -12 6
2 8 0 -12 6 2 -12 6
2 8 2 -12 6 3 -12 7
2 8 3 -12 7 4 -12 8
2 8 4 -12 8 4 -12 10

0 Inlined: 1 0 0 -8 10 4 0 0 0 0 0 0 0 4 4-4disc.dat
0 Disc
0 Official LCad update 98-10

3 0 0 -8 10 4 -8 10 4 -8 12
3 0 0 -8 10 4 -8 12 3 -8 13
3 0 0 -8 10 3 -8 13 2 -8 14
3 0 0 -8 10 2 -8 14 0 -8 14
3 0 0 -8 10 0 -8 14 -2 -8 14
3 0 0 -8 10 -2 -8 14 -3 -8 13
3 0 0 -8 10 -3 -8 13 -4 -8 12
3 0 0 -8 10 -4 -8 12 -4 -8 10
3 0 0 -8 10 -4 -8 10 -4 -8 8
3 0 0 -8 10 -4 -8 8 -3 -8 7
3 0 0 -8 10 -3 -8 7 -2 -8 6
3 0 0 -8 10 -2 -8 6 0 -8 6
3 0 0 -8 10 0 -8 6 2 -8 6
3 0 0 -8 10 2 -8 6 3 -8 7
3 0 0 -8 10 3 -8 7 4 -8 8
3 0 0 -8 10 4 -8 8 4 -8 10

0 Inlined: 1 0 0 -8 10 4 0 0 0 -4 0 0 0 4 4-4cyli.dat
0 Official LCad update 98-10

4 0 4 -8 10 4 -8 12 4 -12 12 4 -12 10
5 8 4 -8 10 4 -12 10 4 -8 12 4 -8 8
4 0 4 -8 12 3 -8 13 3 -12 13 4 -12 12
5 8 4 -8 12 4 -12 12 3 -8 13 4 -8 10
4 0 3 -8 13 2 -8 14 2 -12 14 3 -12 13
5 8 3 -8 13 3 -12 13 2 -8 14 4 -8 12
4 0 2 -8 14 0 -8 14 0 -12 14 2 -12 14
5 8 2 -8 14 2 -12 14 0 -8 14 3 -8 13
4 0 0 -8 14 -2 -8 14 -2 -12 14 0 -12 14
5 8 0 -8 14 0 -12 14 -2 -8 14 2 -8 14
4 0 -2 -8 14 -3 -8 13 -3 -12 13 -2 -12 14
5 8 -2 -8 14 -2 -12 14 -3 -8 13 0 -8 14
4 0 -3 -8 13 -4 -8 12 -4 -12 12 -3 -12 13
5 8 -3 -8 13 -3 -12 13 -4 -8 12 -2 -8 14
4 0 -4 -8 12 -4 -8 10 -4 -12 10 -4 -12 12
5 8 -4 -8 12 -4 -12 12 -4 -8 10 -3 -8 13
4 0 -4 -8 10 -4 -8 8 -4 -12 8 -4 -12 10
5 8 -4 -8 10 -4 -12 10 -4 -8 8 -4 -8 12
4 0 -4 -8 8 -3 -8 7 -3 -12 7 -4 -12 8
5 8 -4 -8 8 -4 -12 8 -3 -8 7 -4 -8 10
4 0 -3 -8 7 -2 -8 6 -2 -12 6 -3 -12 7
5 8 -3 -8 7 -3 -12 7 -2 -8 6 -4 -8 8
4 0 -2 -8 6 0 -8 6 0 -12 6 -2 -12 6
5 8 -2 -8 6 -2 -12 6 0 -8 6 -3 -8 7
4 0 0 -8 6 2 -8 6 2 -12 6 0 -12 6
5 8 0 -8 6 0 -12 6 2 -8 6 -2 -8 6
4 0 2 -8 6 3 -8 7 3 -12 7 2 -12 6
5 8 2 -8 6 2 -12 6 3 -8 7 0 -8 6
4 0 3 -8 7 4 -8 8 4 -12 8 3 -12 7
5 8 3 -8 7 3 -12 7 4 -8 8 2 -8 6
4 0 4 -8 8 4 -8 10 4 -12 10 4 -12 8
5 8 4 -8 8 4 -12 8 4 -8 10 3 -8 7



0 Inlined: 1 0 0 -8 10 16 0 0 0 -4 0 0 0 6 box5.dat
2 8 16 -12 16 -16 -12 16
2 8 -16 -12 16 -16 -12 4
2 8 -16 -12 4 16 -12 4
2 8 16 -12 4 16 -12 16
2 8 16 -8 16 -16 -8 16
2 8 -16 -8 16 -16 -8 4
2 8 -16 -8 4 16 -8 4
2 8 16 -8 4 16 -8 16
2 8 16 -8 16 16 -12 16
2 8 -16 -8 16 -16 -12 16
2 8 16 -8 4 16 -12 4
2 8 -16 -8 4 -16 -12 4
4 0 16 -12 16 16 -12 4 -16 -12 4 -16 -12 16
4 0 16 -12 16 16 -8 16 -16 -8 16 -16 -12 16
4 0 -16 -12 16 -16 -8 16 -16 -8 4 -16 -12 4
4 0 -16 -12 4 -16 -8 4 16 -8 4 16 -12 4
4 0 16 -12 4 16 -8 4 16 -8 16 16 -12 16


4 0 20 -8 20 16 -8 16 -16 -8 16 -20 -8 20
4 0 -20 -8 20 -16 -8 16 -16 -8 4 -20 -8 0
4 0 -20 -8 0 -16 -8 4 16 -8 4 20 -8 0
4 0 20 -8 0 16 -8 4 16 -8 16 20 -8 20

0 Inlined: 1 0 0 -8 10 20 0 0 0 -8 0 0 0 10 box5.dat
2 8 20 -16 20 -20 -16 20
2 8 -20 -16 20 -20 -16 0
2 8 -20 -16 0 20 -16 0
2 8 20 -16 0 20 -16 20
2 8 20 -8 20 -20 -8 20
2 8 -20 -8 20 -20 -8 0
2 8 -20 -8 0 20 -8 0
2 8 20 -8 0 20 -8 20
2 8 20 -8 20 20 -16 20
2 8 -20 -8 20 -20 -16 20
2 8 20 -8 0 20 -16 0
2 8 -20 -8 0 -20 -16 0
4 0 20 -16 20 20 -16 0 -20 -16 0 -20 -16 20
4 0 20 -16 20 20 -8 20 -20 -8 20 -20 -16 20
4 0 -20 -16 20 -20 -8 20 -20 -8 0 -20 -16 0
4 0 -20 -16 0 -20 -8 0 20 -8 0 20 -16 0
4 0 20 -16 0 20 -8 0 20 -8 20 20 -16 20


0 Inlined: 1 0 0 -16 10 1 0 0 0 1 0 0 0 1 stud2.dat
0 Stud 2
0 Name: stud2.dat
0 Author: Chris Dee
0 Official LCad update 99-05

0 Inlined: 1 0 0 -16 10 4 0 0 0 0 0 0 0 4 4-4edge.dat
0 Official LCad update 98-10

2 8 4 -16 10 4 -16 12
2 8 4 -16 12 3 -16 13
2 8 3 -16 13 2 -16 14
2 8 2 -16 14 0 -16 14
2 8 0 -16 14 -2 -16 14
2 8 -2 -16 14 -3 -16 13
2 8 -3 -16 13 -4 -16 12
2 8 -4 -16 12 -4 -16 10
2 8 -4 -16 10 -4 -16 8
2 8 -4 -16 8 -3 -16 7
2 8 -3 -16 7 -2 -16 6
2 8 -2 -16 6 0 -16 6
2 8 0 -16 6 2 -16 6
2 8 2 -16 6 3 -16 7
2 8 3 -16 7 4 -16 8
2 8 4 -16 8 4 -16 10

0 Inlined: 1 0 0 -16 10 6 0 0 0 0 0 0 0 6 4-4edge.dat
0 Official LCad update 98-10

2 8 6 -16 10 6 -16 12
2 8 6 -16 12 4 -16 14
2 8 4 -16 14 2 -16 16
2 8 2 -16 16 0 -16 16
2 8 0 -16 16 -2 -16 16
2 8 -2 -16 16 -4 -16 14
2 8 -4 -16 14 -6 -16 12
2 8 -6 -16 12 -6 -16 10
2 8 -6 -16 10 -6 -16 8
2 8 -6 -16 8 -4 -16 6
2 8 -4 -16 6 -2 -16 4
2 8 -2 -16 4 0 -16 4
2 8 0 -16 4 2 -16 4
2 8 2 -16 4 4 -16 6
2 8 4 -16 6 6 -16 8
2 8 6 -16 8 6 -16 10

0 Inlined: 1 0 0 -20 10 4 0 0 0 0 0 0 0 4 4-4edge.dat
0 Official LCad update 98-10

2 8 4 -20 10 4 -20 12
2 8 4 -20 12 3 -20 13
2 8 3 -20 13 2 -20 14
2 8 2 -20 14 0 -20 14
2 8 0 -20 14 -2 -20 14
2 8 -2 -20 14 -3 -20 13
2 8 -3 -20 13 -4 -20 12
2 8 -4 -20 12 -4 -20 10
2 8 -4 -20 10 -4 -20 8
2 8 -4 -20 8 -3 -20 7
2 8 -3 -20 7 -2 -20 6
2 8 -2 -20 6 0 -20 6
2 8 0 -20 6 2 -20 6
2 8 2 -20 6 3 -20 7
2 8 3 -20 7 4 -20 8
2 8 4 -20 8 4 -20 10

0 Inlined: 1 0 0 -20 10 6 0 0 0 0 0 0 0 6 4-4edge.dat
0 Official LCad update 98-10

2 8 6 -20 10 6 -20 12
2 8 6 -20 12 4 -20 14
2 8 4 -20 14 2 -20 16
2 8 2 -20 16 0 -20 16
2 8 0 -20 16 -2 -20 16
2 8 -2 -20 16 -4 -20 14
2 8 -4 -20 14 -6 -20 12
2 8 -6 -20 12 -6 -20 10
2 8 -6 -20 10 -6 -20 8
2 8 -6 -20 8 -4 -20 6
2 8 -4 -20 6 -2 -20 4
2 8 -2 -20 4 0 -20 4
2 8 0 -20 4 2 -20 4
2 8 2 -20 4 4 -20 6
2 8 4 -20 6 6 -20 8
2 8 6 -20 8 6 -20 10


0 Inlined: 1 0 0 -20 10 4 0 0 0 4 0 0 0 4 4-4cyli.dat
0 Official LCad update 98-10

4 0 4 -20 10 4 -20 12 4 -16 12 4 -16 10
5 8 4 -20 10 4 -16 10 4 -20 12 4 -20 8
4 0 4 -20 12 3 -20 13 3 -16 13 4 -16 12
5 8 4 -20 12 4 -16 12 3 -20 13 4 -20 10
4 0 3 -20 13 2 -20 14 2 -16 14 3 -16 13
5 8 3 -20 13 3 -16 13 2 -20 14 4 -20 12
4 0 2 -20 14 0 -20 14 0 -16 14 2 -16 14
5 8 2 -20 14 2 -16 14 0 -20 14 3 -20 13
4 0 0 -20 14 -2 -20 14 -2 -16 14 0 -16 14
5 8 0 -20 14 0 -16 14 -2 -20 14 2 -20 14
4 0 -2 -20 14 -3 -20 13 -3 -16 13 -2 -16 14
5 8 -2 -20 14 -2 -16 14 -3 -20 13 0 -20 14
4 0 -3 -20 13 -4 -20 12 -4 -16 12 -3 -16 13
5 8 -3 -20 13 -3 -16 13 -4 -20 12 -2 -20 14
4 0 -4 -20 12 -4 -20 10 -4 -16 10 -4 -16 12
5 8 -4 -20 12 -4 -16 12 -4 -20 10 -3 -20 13
4 0 -4 -20 10 -4 -20 8 -4 -16 8 -4 -16 10
5 8 -4 -20 10 -4 -16 10 -4 -20 8 -4 -20 12
4 0 -4 -20 8 -3 -20 7 -3 -16 7 -4 -16 8
5 8 -4 -20 8 -4 -16 8 -3 -20 7 -4 -20 10
4 0 -3 -20 7 -2 -20 6 -2 -16 6 -3 -16 7
5 8 -3 -20 7 -3 -16 7 -2 -20 6 -4 -20 8
4 0 -2 -20 6 0 -20 6 0 -16 6 -2 -16 6
5 8 -2 -20 6 -2 -16 6 0 -20 6 -3 -20 7
4 0 0 -20 6 2 -20 6 2 -16 6 0 -16 6
5 8 0 -20 6 0 -16 6 2 -20 6 -2 -20 6
4 0 2 -20 6 3 -20 7 3 -16 7 2 -16 6
5 8 2 -20 6 2 -16 6 3 -20 7 0 -20 6
4 0 3 -20 7 4 -20 8 4 -16 8 3 -16 7
5 8 3 -20 7 3 -16 7 4 -20 8 2 -20 6
4 0 4 -20 8 4 -20 10 4 -16 10 4 -16 8
5 8 4 -20 8 4 -16 8 4 -20 10 3 -20 7

0 Inlined: 1 0 0 -20 10 6 0 0 0 4 0 0 0 6 4-4cyli.dat
0 Official LCad update 98-10

4 0 6 -20 10 6 -20 12 6 -16 12 6 -16 10
5 8 6 -20 10 6 -16 10 6 -20 12 6 -20 8
4 0 6 -20 12 4 -20 14 4 -16 14 6 -16 12
5 8 6 -20 12 6 -16 12 4 -20 14 6 -20 10
4 0 4 -20 14 2 -20 16 2 -16 16 4 -16 14
5 8 4 -20 14 4 -16 14 2 -20 16 6 -20 12
4 0 2 -20 16 0 -20 16 0 -16 16 2 -16 16
5 8 2 -20 16 2 -16 16 0 -20 16 4 -20 14
4 0 0 -20 16 -2 -20 16 -2 -16 16 0 -16 16
5 8 0 -20 16 0 -16 16 -2 -20 16 2 -20 16
4 0 -2 -20 16 -4 -20 14 -4 -16 14 -2 -16 16
5 8 -2 -20 16 -2 -16 16 -4 -20 14 0 -20 16
4 0 -4 -20 14 -6 -20 12 -6 -16 12 -4 -16 14
5 8 -4 -20 14 -4 -16 14 -6 -20 12 -2 -20 16
4 0 -6 -20 12 -6 -20 10 -6 -16 10 -6 -16 12
5 8 -6 -20 12 -6 -16 12 -6 -20 10 -4 -20 14
4 0 -6 -20 10 -6 -20 8 -6 -16 8 -6 -16 10
5 8 -6 -20 10 -6 -16 10 -6 -20 8 -6 -20 12
4 0 -6 -20 8 -4 -20 6 -4 -16 6 -6 -16 8
5 8 -6 -20 8 -6 -16 8 -4 -20 6 -6 -20 10
4 0 -4 -20 6 -2 -20 4 -2 -16 4 -4 -16 6
5 8 -4 -20 6 -4 -16 6 -2 -20 4 -6 -20 8
4 0 -2 -20 4 0 -20 4 0 -16 4 -2 -16 4
5 8 -2 -20 4 -2 -16 4 0 -20 4 -4 -20 6
4 0 0 -20 4 2 -20 4 2 -16 4 0 -16 4
5 8 0 -20 4 0 -16 4 2 -20 4 -2 -20 4
4 0 2 -20 4 4 -20 6 4 -16 6 2 -16 4
5 8 2 -20 4 2 -16 4 4 -20 6 0 -20 4
4 0 4 -20 6 6 -20 8 6 -16 8 4 -16 6
5 8 4 -20 6 4 -16 6 6 -20 8 2 -20 4
4 0 6 -20 8 6 -20 10 6 -16 10 6 -16 8
5 8 6 -20 8 6 -16 8 6 -20 10 4 -20 6

0 Inlined: 1 0 0 -20 10 2 0 0 0 0 0 0 0 2 ring2.dat
0 Official LCad update 98-10

4 0 0 -20 14 -2 -20 14 -2 -20 16 0 -20 16
4 0 -2 -20 14 -3 -20 13 -4 -20 14 -2 -20 16
4 0 -3 -20 13 -4 -20 12 -6 -20 12 -4 -20 14
4 0 -4 -20 12 -4 -20 10 -6 -20 10 -6 -20 12
4 0 -4 -20 10 -4 -20 8 -6 -20 8 -6 -20 10
4 0 -4 -20 8 -3 -20 7 -4 -20 6 -6 -20 8
4 0 -3 -20 7 -2 -20 6 -2 -20 4 -4 -20 6
4 0 -2 -20 6 0 -20 6 0 -20 4 -2 -20 4
4 0 0 -20 6 2 -20 6 2 -20 4 0 -20 4
4 0 2 -20 6 3 -20 7 4 -20 6 2 -20 4
4 0 3 -20 7 4 -20 8 6 -20 8 4 -20 6
4 0 4 -20 8 4 -20 10 6 -20 10 6 -20 8
4 0 4 -20 10 4 -20 12 6 -20 12 6 -20 10
4 0 4 -20 12 3 -20 13 4 -20 14 6 -20 12
4 0 3 -20 13 2 -20 14 2 -20 16 4 -20 14
4 0 2 -20 14 0 -20 14 0 -20 16 2 -20 16

0


0 Inlined: 1 0 0 -24 10 0 0 1 0 1 0 -1 0 0 2555.DAT
0 Tile  1 x  1 with Clip

0 Inlined: 1 0 0 -24 10 0 0 1 0 1 0 -1 0 0 3070.dat
0 Tile  1 x  1

0 Inlined: 1 0 0 -16 10 0 0 6 0 -4 0 -6 0 0 box5.dat
2 8 6 -20 4 6 -20 16
2 8 6 -20 16 -6 -20 16
2 8 -6 -20 16 -6 -20 4
2 8 -6 -20 4 6 -20 4
2 8 6 -16 4 6 -16 16
2 8 6 -16 16 -6 -16 16
2 8 -6 -16 16 -6 -16 4
2 8 -6 -16 4 6 -16 4
2 8 6 -16 4 6 -20 4
2 8 6 -16 16 6 -20 16
2 8 -6 -16 4 -6 -20 4
2 8 -6 -16 16 -6 -20 16
4 0 6 -20 4 -6 -20 4 -6 -20 16 6 -20 16
4 0 6 -20 4 6 -16 4 6 -16 16 6 -20 16
4 0 6 -20 16 6 -16 16 -6 -16 16 -6 -20 16
4 0 -6 -20 16 -6 -16 16 -6 -16 4 -6 -20 4
4 0 -6 -20 4 -6 -16 4 6 -16 4 6 -20 4


4 0 10 -16 0 6 -16 4 6 -16 16 10 -16 20
4 0 10 -16 20 6 -16 16 -6 -16 16 -10 -16 20
4 0 -10 -16 20 -6 -16 16 -6 -16 4 -10 -16 0
4 0 -10 -16 0 -6 -16 4 6 -16 4 10 -16 0

0 Inlined: 1 0 0 -16 10 0 0 10 0 -8 0 -10 0 0 box5.dat
2 8 10 -24 0 10 -24 20
2 8 10 -24 20 -10 -24 20
2 8 -10 -24 20 -10 -24 0
2 8 -10 -24 0 10 -24 0
2 8 10 -16 0 10 -16 20
2 8 10 -16 20 -10 -16 20
2 8 -10 -16 20 -10 -16 0
2 8 -10 -16 0 10 -16 0
2 8 10 -16 0 10 -24 0
2 8 10 -16 20 10 -24 20
2 8 -10 -16 0 -10 -24 0
2 8 -10 -16 20 -10 -24 20
4 0 10 -24 0 -10 -24 0 -10 -24 20 10 -24 20
4 0 10 -24 0 10 -16 0 10 -16 20 10 -24 20
4 0 10 -24 20 10 -16 20 -10 -16 20 -10 -24 20
4 0 -10 -24 20 -10 -16 20 -10 -16 0 -10 -24 0
4 0 -10 -24 0 -10 -16 0 10 -16 0 10 -24 0



2 8 4 -24 0 4 -24 20
2 8 -4 -24 0 -4 -24 20

2 8 4 -34 2 4 -34 6
2 8 4 -34 6 -4 -34 6
2 8 -4 -34 6 -4 -34 2
2 8 -4 -34 2 4 -34 2

2 8 4 -34 18 4 -34 14
2 8 4 -34 14 -4 -34 14
2 8 -4 -34 14 -4 -34 18
2 8 -4 -34 18 4 -34 18

2 8 4 -34 6 4 -30 6
2 8 4 -34 14 4 -30 14
2 8 -4 -34 6 -4 -30 6
2 8 -4 -34 14 -4 -30 14

2 8 4 -34 2 4 -24 0
2 8 4 -34 18 4 -24 20
2 8 -4 -34 2 -4 -24 0
2 8 -4 -34 18 -4 -24 20

0 Inlined: 1 0 4 -30 10 0 0 0 0 0 4 -4 0 0 2-4edge.dat
2 8 4 -30 6 4 -28 6
2 8 4 -28 6 4 -27 7
2 8 4 -27 7 4 -26 8
2 8 4 -26 8 4 -26 10
2 8 4 -26 10 4 -26 12
2 8 4 -26 12 4 -27 13
2 8 4 -27 13 4 -28 14
2 8 4 -28 14 4 -30 14

0 Inlined: 1 0 -4 -30 10 0 0 0 0 0 4 -4 0 0 2-4edge.dat
2 8 -4 -30 6 -4 -28 6
2 8 -4 -28 6 -4 -27 7
2 8 -4 -27 7 -4 -26 8
2 8 -4 -26 8 -4 -26 10
2 8 -4 -26 10 -4 -26 12
2 8 -4 -26 12 -4 -27 13
2 8 -4 -27 13 -4 -28 14
2 8 -4 -28 14 -4 -30 14

0 Inlined: 1 0 4 -30 10 0 0 0 0 0 4 -4 0 0 2-4ndis.dat
0 Not Disc

3 0 4 -26 6 4 -30 6 4 -28 6
3 0 4 -26 6 4 -28 6 4 -27 7
3 0 4 -26 6 4 -27 7 4 -26 8
3 0 4 -26 6 4 -26 8 4 -26 10
3 0 4 -26 14 4 -26 10 4 -26 12
3 0 4 -26 14 4 -26 12 4 -27 13
3 0 4 -26 14 4 -27 13 4 -28 14
3 0 4 -26 14 4 -28 14 4 -30 14

0 Inlined: 1 0 -4 -30 10 0 0 0 0 0 4 -4 0 0 2-4ndis.dat
0 Not Disc

3 0 -4 -26 6 -4 -30 6 -4 -28 6
3 0 -4 -26 6 -4 -28 6 -4 -27 7
3 0 -4 -26 6 -4 -27 7 -4 -26 8
3 0 -4 -26 6 -4 -26 8 -4 -26 10
3 0 -4 -26 14 -4 -26 10 -4 -26 12
3 0 -4 -26 14 -4 -26 12 -4 -27 13
3 0 -4 -26 14 -4 -27 13 -4 -28 14
3 0 -4 -26 14 -4 -28 14 -4 -30 14

0 Inlined: 1 0 4 -30 10 0 -8 0 0 0 4 -4 0 0 2-4cyli.dat
4 0 4 -30 6 4 -28 6 -4 -28 6 -4 -30 6
5 8 4 -30 6 -4 -30 6 4 -28 6 4 -32 6
4 0 4 -28 6 4 -27 7 -4 -27 7 -4 -28 6
5 8 4 -28 6 -4 -28 6 4 -27 7 4 -30 6
4 0 4 -27 7 4 -26 8 -4 -26 8 -4 -27 7
5 8 4 -27 7 -4 -27 7 4 -26 8 4 -28 6
4 0 4 -26 8 4 -26 10 -4 -26 10 -4 -26 8
5 8 4 -26 8 -4 -26 8 4 -26 10 4 -27 7
4 0 4 -26 10 4 -26 12 -4 -26 12 -4 -26 10
5 8 4 -26 10 -4 -26 10 4 -26 12 4 -26 8
4 0 4 -26 12 4 -27 13 -4 -27 13 -4 -26 12
5 8 4 -26 12 -4 -26 12 4 -27 13 4 -26 10
4 0 4 -27 13 4 -28 14 -4 -28 14 -4 -27 13
5 8 4 -27 13 -4 -27 13 4 -28 14 4 -26 12
4 0 4 -28 14 4 -30 14 -4 -30 14 -4 -28 14
5 8 4 -28 14 -4 -28 14 4 -30 14 4 -27 13


4 0 4 -24 0 4 -26 6 4 -26 14 4 -24 20
4 0 -4 -24 0 -4 -26 6 -4 -26 14 -4 -24 20
4 0 4 -24 0 4 -34 2 4 -34 6 4 -26 6
4 0 -4 -24 0 -4 -34 2 -4 -34 6 -4 -26 6
4 0 4 -24 20 4 -34 18 4 -34 14 4 -26 14
4 0 -4 -24 20 -4 -34 18 -4 -34 14 -4 -26 14

4 0 4 -30 6 4 -34 6 -4 -34 6 -4 -30 6
4 0 4 -30 14 4 -34 14 -4 -34 14 -4 -30 14
4 0 4 -34 6 4 -34 2 -4 -34 2 -4 -34 6
4 0 4 -34 14 4 -34 18 -4 -34 18 -4 -34 14
4 0 4 -34 2 4 -24 0 -4 -24 0 -4 -34 2
4 0 4 -34 18 4 -24 20 -4 -24 20 -4 -34 18

0
