0 Untitled
0 Name: arapAnt.dat
0 Author: MLCad
0 Unofficial Model
0 ROTATION CENTER -10 -16 15 1 "Custom"
0 ROTATION CONFIG 1 1
0 Inlined: 1 0 -10 -16 0 1 0 0 0 1 0 0 0 1 6048.DAT
0 Arm Piece with Pin and 2 Fingers
0 Name: 6048.dat
0 Author: James Jessiman
0 Official LCad update 99-02

0 Inlined: 1 0 -10 -16 -2 4 0 0 0 0 4 0 0 0 4-4edge.dat
0 Official LCad update 98-10

2 8 -6 -16 -2 -6 -14 -2
2 8 -6 -14 -2 -7 -13 -2
2 8 -7 -13 -2 -8 -12 -2
2 8 -8 -12 -2 -10 -12 -2
2 8 -10 -12 -2 -12 -12 -2
2 8 -12 -12 -2 -13 -13 -2
2 8 -13 -13 -2 -14 -14 -2
2 8 -14 -14 -2 -14 -16 -2
2 8 -14 -16 -2 -14 -18 -2
2 8 -14 -18 -2 -13 -19 -2
2 8 -13 -19 -2 -12 -20 -2
2 8 -12 -20 -2 -10 -20 -2
2 8 -10 -20 -2 -8 -20 -2
2 8 -8 -20 -2 -7 -19 -2
2 8 -7 -19 -2 -6 -18 -2
2 8 -6 -18 -2 -6 -16 -2

0 Inlined: 1 0 -10 -16 -2 8 0 0 0 0 8 0 0 0 4-4edge.dat
0 Official LCad update 98-10

2 8 -2 -16 -2 -3 -13 -2
2 8 -3 -13 -2 -4 -10 -2
2 8 -4 -10 -2 -7 -9 -2
2 8 -7 -9 -2 -10 -8 -2
2 8 -10 -8 -2 -13 -9 -2
2 8 -13 -9 -2 -16 -10 -2
2 8 -16 -10 -2 -17 -13 -2
2 8 -17 -13 -2 -18 -16 -2
2 8 -18 -16 -2 -17 -19 -2
2 8 -17 -19 -2 -16 -22 -2
2 8 -16 -22 -2 -13 -23 -2
2 8 -13 -23 -2 -10 -24 -2
2 8 -10 -24 -2 -7 -23 -2
2 8 -7 -23 -2 -4 -22 -2
2 8 -4 -22 -2 -3 -19 -2
2 8 -3 -19 -2 -2 -16 -2

0 Inlined: 1 0 -10 -16 -2 10 0 0 0 0 10 0 4 0 4-4cyli.dat
0 Official LCad update 98-10

4 0 0 -16 -2 -1 -12 -2 -1 -12 2 0 -16 2
5 8 0 -16 -2 0 -16 2 -1 -12 -2 -1 -20 -2
4 0 -1 -12 -2 -3 -9 -2 -3 -9 2 -1 -12 2
5 8 -1 -12 -2 -1 -12 2 -3 -9 -2 0 -16 -2
4 0 -3 -9 -2 -6 -7 -2 -6 -7 2 -3 -9 2
5 8 -3 -9 -2 -3 -9 2 -6 -7 -2 -1 -12 -2
4 0 -6 -7 -2 -10 -6 -2 -10 -6 2 -6 -7 2
5 8 -6 -7 -2 -6 -7 2 -10 -6 -2 -3 -9 -2
4 0 -10 -6 -2 -14 -7 -2 -14 -7 2 -10 -6 2
5 8 -10 -6 -2 -10 -6 2 -14 -7 -2 -6 -7 -2
4 0 -14 -7 -2 -17 -9 -2 -17 -9 2 -14 -7 2
5 8 -14 -7 -2 -14 -7 2 -17 -9 -2 -10 -6 -2
4 0 -17 -9 -2 -19 -12 -2 -19 -12 2 -17 -9 2
5 8 -17 -9 -2 -17 -9 2 -19 -12 -2 -14 -7 -2
4 0 -19 -12 -2 -20 -16 -2 -20 -16 2 -19 -12 2
5 8 -19 -12 -2 -19 -12 2 -20 -16 -2 -17 -9 -2
4 0 -20 -16 -2 -19 -20 -2 -19 -20 2 -20 -16 2
5 8 -20 -16 -2 -20 -16 2 -19 -20 -2 -19 -12 -2
4 0 -19 -20 -2 -17 -23 -2 -17 -23 2 -19 -20 2
5 8 -19 -20 -2 -19 -20 2 -17 -23 -2 -20 -16 -2
4 0 -17 -23 -2 -14 -25 -2 -14 -25 2 -17 -23 2
5 8 -17 -23 -2 -17 -23 2 -14 -25 -2 -19 -20 -2
4 0 -14 -25 -2 -10 -26 -2 -10 -26 2 -14 -25 2
5 8 -14 -25 -2 -14 -25 2 -10 -26 -2 -17 -23 -2
4 0 -10 -26 -2 -6 -25 -2 -6 -25 2 -10 -26 2
5 8 -10 -26 -2 -10 -26 2 -6 -25 -2 -14 -25 -2
4 0 -6 -25 -2 -3 -23 -2 -3 -23 2 -6 -25 2
5 8 -6 -25 -2 -6 -25 2 -3 -23 -2 -10 -26 -2
4 0 -3 -23 -2 -1 -20 -2 -1 -20 2 -3 -23 2
5 8 -3 -23 -2 -3 -23 2 -1 -20 -2 -6 -25 -2
4 0 -1 -20 -2 0 -16 -2 0 -16 2 -1 -20 2
5 8 -1 -20 -2 -1 -20 2 0 -16 -2 -3 -23 -2

0 Inlined: 1 0 -10 -16 -2 10 0 0 0 0 10 0 0 0 4-4edge.dat
0 Official LCad update 98-10

2 8 0 -16 -2 -1 -12 -2
2 8 -1 -12 -2 -3 -9 -2
2 8 -3 -9 -2 -6 -7 -2
2 8 -6 -7 -2 -10 -6 -2
2 8 -10 -6 -2 -14 -7 -2
2 8 -14 -7 -2 -17 -9 -2
2 8 -17 -9 -2 -19 -12 -2
2 8 -19 -12 -2 -20 -16 -2
2 8 -20 -16 -2 -19 -20 -2
2 8 -19 -20 -2 -17 -23 -2
2 8 -17 -23 -2 -14 -25 -2
2 8 -14 -25 -2 -10 -26 -2
2 8 -10 -26 -2 -6 -25 -2
2 8 -6 -25 -2 -3 -23 -2
2 8 -3 -23 -2 -1 -20 -2
2 8 -1 -20 -2 0 -16 -2

0 Inlined: 1 0 -10 -16 -2 10 0 0 0 0 10 0 0 0 4-4disc.dat
0 Disc
0 Official LCad update 98-10

3 0 -10 -16 -2 0 -16 -2 -1 -12 -2
3 0 -10 -16 -2 -1 -12 -2 -3 -9 -2
3 0 -10 -16 -2 -3 -9 -2 -6 -7 -2
3 0 -10 -16 -2 -6 -7 -2 -10 -6 -2
3 0 -10 -16 -2 -10 -6 -2 -14 -7 -2
3 0 -10 -16 -2 -14 -7 -2 -17 -9 -2
3 0 -10 -16 -2 -17 -9 -2 -19 -12 -2
3 0 -10 -16 -2 -19 -12 -2 -20 -16 -2
3 0 -10 -16 -2 -20 -16 -2 -19 -20 -2
3 0 -10 -16 -2 -19 -20 -2 -17 -23 -2
3 0 -10 -16 -2 -17 -23 -2 -14 -25 -2
3 0 -10 -16 -2 -14 -25 -2 -10 -26 -2
3 0 -10 -16 -2 -10 -26 -2 -6 -25 -2
3 0 -10 -16 -2 -6 -25 -2 -3 -23 -2
3 0 -10 -16 -2 -3 -23 -2 -1 -20 -2
3 0 -10 -16 -2 -1 -20 -2 0 -16 -2

0 Inlined: 1 0 -10 -16 -2 1 0 0 0 0 1 0 1 0 connect.dat
0 Connector

0 Inlined: 1 0 -10 -16 -4 8 0 0 0 0 8 0 0 0 4-4edge.dat
0 Official LCad update 98-10

2 8 -2 -16 -4 -3 -13 -4
2 8 -3 -13 -4 -4 -10 -4
2 8 -4 -10 -4 -7 -9 -4
2 8 -7 -9 -4 -10 -8 -4
2 8 -10 -8 -4 -13 -9 -4
2 8 -13 -9 -4 -16 -10 -4
2 8 -16 -10 -4 -17 -13 -4
2 8 -17 -13 -4 -18 -16 -4
2 8 -18 -16 -4 -17 -19 -4
2 8 -17 -19 -4 -16 -22 -4
2 8 -16 -22 -4 -13 -23 -4
2 8 -13 -23 -4 -10 -24 -4
2 8 -10 -24 -4 -7 -23 -4
2 8 -7 -23 -4 -4 -22 -4
2 8 -4 -22 -4 -3 -19 -4
2 8 -3 -19 -4 -2 -16 -4

0 Inlined: 1 0 -10 -16 -4 6 0 0 0 0 6 0 0 0 4-4edge.dat
0 Official LCad update 98-10

2 8 -4 -16 -4 -4 -14 -4
2 8 -4 -14 -4 -6 -12 -4
2 8 -6 -12 -4 -8 -10 -4
2 8 -8 -10 -4 -10 -10 -4
2 8 -10 -10 -4 -12 -10 -4
2 8 -12 -10 -4 -14 -12 -4
2 8 -14 -12 -4 -16 -14 -4
2 8 -16 -14 -4 -16 -16 -4
2 8 -16 -16 -4 -16 -18 -4
2 8 -16 -18 -4 -14 -20 -4
2 8 -14 -20 -4 -12 -22 -4
2 8 -12 -22 -4 -10 -22 -4
2 8 -10 -22 -4 -8 -22 -4
2 8 -8 -22 -4 -6 -20 -4
2 8 -6 -20 -4 -4 -18 -4
2 8 -4 -18 -4 -4 -16 -4

0 Inlined: 1 0 -10 -16 -14 4 0 0 0 0 4 0 12 0 4-4cyli.dat
0 Official LCad update 98-10

4 0 -6 -16 -14 -6 -14 -14 -6 -14 -2 -6 -16 -2
5 8 -6 -16 -14 -6 -16 -2 -6 -14 -14 -6 -18 -14
4 0 -6 -14 -14 -7 -13 -14 -7 -13 -2 -6 -14 -2
5 8 -6 -14 -14 -6 -14 -2 -7 -13 -14 -6 -16 -14
4 0 -7 -13 -14 -8 -12 -14 -8 -12 -2 -7 -13 -2
5 8 -7 -13 -14 -7 -13 -2 -8 -12 -14 -6 -14 -14
4 0 -8 -12 -14 -10 -12 -14 -10 -12 -2 -8 -12 -2
5 8 -8 -12 -14 -8 -12 -2 -10 -12 -14 -7 -13 -14
4 0 -10 -12 -14 -12 -12 -14 -12 -12 -2 -10 -12 -2
5 8 -10 -12 -14 -10 -12 -2 -12 -12 -14 -8 -12 -14
4 0 -12 -12 -14 -13 -13 -14 -13 -13 -2 -12 -12 -2
5 8 -12 -12 -14 -12 -12 -2 -13 -13 -14 -10 -12 -14
4 0 -13 -13 -14 -14 -14 -14 -14 -14 -2 -13 -13 -2
5 8 -13 -13 -14 -13 -13 -2 -14 -14 -14 -12 -12 -14
4 0 -14 -14 -14 -14 -16 -14 -14 -16 -2 -14 -14 -2
5 8 -14 -14 -14 -14 -14 -2 -14 -16 -14 -13 -13 -14
4 0 -14 -16 -14 -14 -18 -14 -14 -18 -2 -14 -16 -2
5 8 -14 -16 -14 -14 -16 -2 -14 -18 -14 -14 -14 -14
4 0 -14 -18 -14 -13 -19 -14 -13 -19 -2 -14 -18 -2
5 8 -14 -18 -14 -14 -18 -2 -13 -19 -14 -14 -16 -14
4 0 -13 -19 -14 -12 -20 -14 -12 -20 -2 -13 -19 -2
5 8 -13 -19 -14 -13 -19 -2 -12 -20 -14 -14 -18 -14
4 0 -12 -20 -14 -10 -20 -14 -10 -20 -2 -12 -20 -2
5 8 -12 -20 -14 -12 -20 -2 -10 -20 -14 -13 -19 -14
4 0 -10 -20 -14 -8 -20 -14 -8 -20 -2 -10 -20 -2
5 8 -10 -20 -14 -10 -20 -2 -8 -20 -14 -12 -20 -14
4 0 -8 -20 -14 -7 -19 -14 -7 -19 -2 -8 -20 -2
5 8 -8 -20 -14 -8 -20 -2 -7 -19 -14 -10 -20 -14
4 0 -7 -19 -14 -6 -18 -14 -6 -18 -2 -7 -19 -2
5 8 -7 -19 -14 -7 -19 -2 -6 -18 -14 -8 -20 -14
4 0 -6 -18 -14 -6 -16 -14 -6 -16 -2 -6 -18 -2
5 8 -6 -18 -14 -6 -18 -2 -6 -16 -14 -7 -19 -14

0 Inlined: 1 0 -10 -16 -14 6 0 0 0 0 6 0 10 0 4-4cyli.dat
0 Official LCad update 98-10

4 0 -4 -16 -14 -4 -14 -14 -4 -14 -4 -4 -16 -4
5 8 -4 -16 -14 -4 -16 -4 -4 -14 -14 -4 -18 -14
4 0 -4 -14 -14 -6 -12 -14 -6 -12 -4 -4 -14 -4
5 8 -4 -14 -14 -4 -14 -4 -6 -12 -14 -4 -16 -14
4 0 -6 -12 -14 -8 -10 -14 -8 -10 -4 -6 -12 -4
5 8 -6 -12 -14 -6 -12 -4 -8 -10 -14 -4 -14 -14
4 0 -8 -10 -14 -10 -10 -14 -10 -10 -4 -8 -10 -4
5 8 -8 -10 -14 -8 -10 -4 -10 -10 -14 -6 -12 -14
4 0 -10 -10 -14 -12 -10 -14 -12 -10 -4 -10 -10 -4
5 8 -10 -10 -14 -10 -10 -4 -12 -10 -14 -8 -10 -14
4 0 -12 -10 -14 -14 -12 -14 -14 -12 -4 -12 -10 -4
5 8 -12 -10 -14 -12 -10 -4 -14 -12 -14 -10 -10 -14
4 0 -14 -12 -14 -16 -14 -14 -16 -14 -4 -14 -12 -4
5 8 -14 -12 -14 -14 -12 -4 -16 -14 -14 -12 -10 -14
4 0 -16 -14 -14 -16 -16 -14 -16 -16 -4 -16 -14 -4
5 8 -16 -14 -14 -16 -14 -4 -16 -16 -14 -14 -12 -14
4 0 -16 -16 -14 -16 -18 -14 -16 -18 -4 -16 -16 -4
5 8 -16 -16 -14 -16 -16 -4 -16 -18 -14 -16 -14 -14
4 0 -16 -18 -14 -14 -20 -14 -14 -20 -4 -16 -18 -4
5 8 -16 -18 -14 -16 -18 -4 -14 -20 -14 -16 -16 -14
4 0 -14 -20 -14 -12 -22 -14 -12 -22 -4 -14 -20 -4
5 8 -14 -20 -14 -14 -20 -4 -12 -22 -14 -16 -18 -14
4 0 -12 -22 -14 -10 -22 -14 -10 -22 -4 -12 -22 -4
5 8 -12 -22 -14 -12 -22 -4 -10 -22 -14 -14 -20 -14
4 0 -10 -22 -14 -8 -22 -14 -8 -22 -4 -10 -22 -4
5 8 -10 -22 -14 -10 -22 -4 -8 -22 -14 -12 -22 -14
4 0 -8 -22 -14 -6 -20 -14 -6 -20 -4 -8 -22 -4
5 8 -8 -22 -14 -8 -22 -4 -6 -20 -14 -10 -22 -14
4 0 -6 -20 -14 -4 -18 -14 -4 -18 -4 -6 -20 -4
5 8 -6 -20 -14 -6 -20 -4 -4 -18 -14 -8 -22 -14
4 0 -4 -18 -14 -4 -16 -14 -4 -16 -4 -4 -18 -4
5 8 -4 -18 -14 -4 -18 -4 -4 -16 -14 -6 -20 -14

0 Inlined: 1 0 -10 -16 -4 8 0 0 0 0 8 0 2 0 4-4cyli.dat
0 Official LCad update 98-10

4 0 -2 -16 -4 -3 -13 -4 -3 -13 -2 -2 -16 -2
5 8 -2 -16 -4 -2 -16 -2 -3 -13 -4 -3 -19 -4
4 0 -3 -13 -4 -4 -10 -4 -4 -10 -2 -3 -13 -2
5 8 -3 -13 -4 -3 -13 -2 -4 -10 -4 -2 -16 -4
4 0 -4 -10 -4 -7 -9 -4 -7 -9 -2 -4 -10 -2
5 8 -4 -10 -4 -4 -10 -2 -7 -9 -4 -3 -13 -4
4 0 -7 -9 -4 -10 -8 -4 -10 -8 -2 -7 -9 -2
5 8 -7 -9 -4 -7 -9 -2 -10 -8 -4 -4 -10 -4
4 0 -10 -8 -4 -13 -9 -4 -13 -9 -2 -10 -8 -2
5 8 -10 -8 -4 -10 -8 -2 -13 -9 -4 -7 -9 -4
4 0 -13 -9 -4 -16 -10 -4 -16 -10 -2 -13 -9 -2
5 8 -13 -9 -4 -13 -9 -2 -16 -10 -4 -10 -8 -4
4 0 -16 -10 -4 -17 -13 -4 -17 -13 -2 -16 -10 -2
5 8 -16 -10 -4 -16 -10 -2 -17 -13 -4 -13 -9 -4
4 0 -17 -13 -4 -18 -16 -4 -18 -16 -2 -17 -13 -2
5 8 -17 -13 -4 -17 -13 -2 -18 -16 -4 -16 -10 -4
4 0 -18 -16 -4 -17 -19 -4 -17 -19 -2 -18 -16 -2
5 8 -18 -16 -4 -18 -16 -2 -17 -19 -4 -17 -13 -4
4 0 -17 -19 -4 -16 -22 -4 -16 -22 -2 -17 -19 -2
5 8 -17 -19 -4 -17 -19 -2 -16 -22 -4 -18 -16 -4
4 0 -16 -22 -4 -13 -23 -4 -13 -23 -2 -16 -22 -2
5 8 -16 -22 -4 -16 -22 -2 -13 -23 -4 -17 -19 -4
4 0 -13 -23 -4 -10 -24 -4 -10 -24 -2 -13 -23 -2
5 8 -13 -23 -4 -13 -23 -2 -10 -24 -4 -16 -22 -4
4 0 -10 -24 -4 -7 -23 -4 -7 -23 -2 -10 -24 -2
5 8 -10 -24 -4 -10 -24 -2 -7 -23 -4 -13 -23 -4
4 0 -7 -23 -4 -4 -22 -4 -4 -22 -2 -7 -23 -2
5 8 -7 -23 -4 -7 -23 -2 -4 -22 -4 -10 -24 -4
4 0 -4 -22 -4 -3 -19 -4 -3 -19 -2 -4 -22 -2
5 8 -4 -22 -4 -4 -22 -2 -3 -19 -4 -7 -23 -4
4 0 -3 -19 -4 -2 -16 -4 -2 -16 -2 -3 -19 -2
5 8 -3 -19 -4 -3 -19 -2 -2 -16 -4 -4 -22 -4


2 8 -10 -10 -22 -8 -10 -22
2 8 -8 -10 -22 -6 -12 -22
2 8 -6 -12 -22 -4 -14 -22
2 8 -4 -14 -22 -4 -15 -22
2 8 -4 -15 -22 -4 -15 -14
2 8 -4 -15 -14 -4 -16 -14
2 8 -10 -10 -22 -12 -10 -22
2 8 -12 -10 -22 -14 -12 -22
2 8 -14 -12 -22 -16 -14 -22
2 8 -16 -14 -22 -16 -15 -22
2 8 -16 -15 -22 -16 -15 -14
2 8 -16 -15 -14 -16 -16 -14
2 8 -10 -22 -22 -8 -22 -22
2 8 -8 -22 -22 -6 -20 -22
2 8 -6 -20 -22 -4 -18 -22
2 8 -4 -18 -22 -4 -17 -22
2 8 -4 -17 -22 -4 -17 -14
2 8 -4 -17 -14 -4 -16 -14
2 8 -10 -22 -22 -12 -22 -22
2 8 -12 -22 -22 -14 -20 -22
2 8 -14 -20 -22 -16 -18 -22
2 8 -16 -18 -22 -16 -17 -22
2 8 -16 -17 -22 -16 -17 -14
2 8 -16 -17 -14 -16 -16 -14

2 8 -10 -12 -22 -8 -12 -22
2 8 -8 -12 -22 -7 -13 -22
2 8 -7 -13 -22 -6 -14 -22
2 8 -6 -14 -22 -6 -15 -22
2 8 -6 -15 -22 -6 -15 -14
2 8 -6 -15 -14 -6 -16 -14
2 8 -10 -12 -22 -12 -12 -22
2 8 -12 -12 -22 -13 -13 -22
2 8 -13 -13 -22 -14 -14 -22
2 8 -14 -14 -22 -14 -15 -22
2 8 -14 -15 -22 -14 -15 -14
2 8 -14 -15 -14 -14 -16 -14
2 8 -10 -20 -22 -8 -20 -22
2 8 -8 -20 -22 -7 -19 -22
2 8 -7 -19 -22 -6 -18 -22
2 8 -6 -18 -22 -6 -17 -22
2 8 -6 -17 -22 -6 -17 -14
2 8 -6 -17 -14 -6 -16 -14
2 8 -10 -20 -22 -12 -20 -22
2 8 -12 -20 -22 -13 -19 -22
2 8 -13 -19 -22 -14 -18 -22
2 8 -14 -18 -22 -14 -17 -22
2 8 -14 -17 -22 -14 -17 -14
2 8 -14 -17 -14 -14 -16 -14

2 8 -6 -15 -22 -4 -15 -22
2 8 -6 -15 -14 -4 -15 -14
2 8 -14 -15 -22 -16 -15 -22
2 8 -14 -15 -14 -16 -15 -14
2 8 -6 -17 -22 -4 -17 -22
2 8 -6 -17 -14 -4 -17 -14
2 8 -14 -17 -22 -16 -17 -22
2 8 -14 -17 -14 -16 -17 -14

4 0 -10 -10 -22 -10 -12 -22 -8 -12 -22 -8 -10 -22
4 0 -8 -10 -22 -8 -12 -22 -7 -13 -22 -6 -12 -22
4 0 -6 -12 -22 -7 -13 -22 -6 -14 -22 -4 -14 -22
4 0 -4 -14 -22 -6 -14 -22 -6 -15 -22 -4 -15 -22
4 0 -4 -15 -22 -6 -15 -22 -6 -15 -14 -4 -15 -14
4 0 -4 -15 -14 -6 -15 -14 -6 -16 -14 -4 -16 -14
4 0 -10 -10 -22 -10 -12 -22 -12 -12 -22 -12 -10 -22
4 0 -12 -10 -22 -12 -12 -22 -13 -13 -22 -14 -12 -22
4 0 -14 -12 -22 -13 -13 -22 -14 -14 -22 -16 -14 -22
4 0 -16 -14 -22 -14 -14 -22 -14 -15 -22 -16 -15 -22
4 0 -16 -15 -22 -14 -15 -22 -14 -15 -14 -16 -15 -14
4 0 -16 -15 -14 -14 -15 -14 -14 -16 -14 -16 -16 -14
4 0 -10 -22 -22 -10 -20 -22 -8 -20 -22 -8 -22 -22
4 0 -8 -22 -22 -8 -20 -22 -7 -19 -22 -6 -20 -22
4 0 -6 -20 -22 -7 -19 -22 -6 -18 -22 -4 -18 -22
4 0 -4 -18 -22 -6 -18 -22 -6 -17 -22 -4 -17 -22
4 0 -4 -17 -22 -6 -17 -22 -6 -17 -14 -4 -17 -14
4 0 -4 -17 -14 -6 -17 -14 -6 -16 -14 -4 -16 -14
4 0 -10 -22 -22 -10 -20 -22 -12 -20 -22 -12 -22 -22
4 0 -12 -22 -22 -12 -20 -22 -13 -19 -22 -14 -20 -22
4 0 -14 -20 -22 -13 -19 -22 -14 -18 -22 -16 -18 -22
4 0 -16 -18 -22 -14 -18 -22 -14 -17 -22 -16 -17 -22
4 0 -16 -17 -22 -14 -17 -22 -14 -17 -14 -16 -17 -14
4 0 -16 -17 -14 -14 -17 -14 -14 -16 -14 -16 -16 -14

4 0 -10 -10 -14 -10 -10 -22 -8 -10 -22 -8 -10 -14
4 0 -8 -10 -14 -8 -10 -22 -6 -12 -22 -6 -12 -14
4 0 -6 -12 -14 -6 -12 -22 -4 -14 -22 -4 -14 -14
4 0 -4 -14 -14 -4 -14 -22 -4 -15 -22 -4 -15 -14
4 0 -10 -10 -14 -10 -10 -22 -12 -10 -22 -12 -10 -14
4 0 -12 -10 -14 -12 -10 -22 -14 -12 -22 -14 -12 -14
4 0 -14 -12 -14 -14 -12 -22 -16 -14 -22 -16 -14 -14
4 0 -16 -14 -14 -16 -14 -22 -16 -15 -22 -16 -15 -14
4 0 -10 -22 -14 -10 -22 -22 -8 -22 -22 -8 -22 -14
4 0 -8 -22 -14 -8 -22 -22 -6 -20 -22 -6 -20 -14
4 0 -6 -20 -14 -6 -20 -22 -4 -18 -22 -4 -18 -14
4 0 -4 -18 -14 -4 -18 -22 -4 -17 -22 -4 -17 -14
4 0 -10 -22 -14 -10 -22 -22 -12 -22 -22 -12 -22 -14
4 0 -12 -22 -14 -12 -22 -22 -14 -20 -22 -14 -20 -14
4 0 -14 -20 -14 -14 -20 -22 -16 -18 -22 -16 -18 -14
4 0 -16 -18 -14 -16 -18 -22 -16 -17 -22 -16 -17 -14

4 0 -10 -12 -14 -10 -12 -22 -8 -12 -22 -8 -12 -14
4 0 -8 -12 -14 -8 -12 -22 -7 -13 -22 -7 -13 -14
4 0 -7 -13 -14 -7 -13 -22 -6 -14 -22 -6 -14 -14
4 0 -6 -14 -14 -6 -14 -22 -6 -15 -22 -6 -15 -14
4 0 -10 -12 -14 -10 -12 -22 -12 -12 -22 -12 -12 -14
4 0 -12 -12 -14 -12 -12 -22 -13 -13 -22 -13 -13 -14
4 0 -13 -13 -14 -13 -13 -22 -14 -14 -22 -14 -14 -14
4 0 -14 -14 -14 -14 -14 -22 -14 -15 -22 -14 -15 -14
4 0 -10 -20 -14 -10 -20 -22 -8 -20 -22 -8 -20 -14
4 0 -8 -20 -14 -8 -20 -22 -7 -19 -22 -7 -19 -14
4 0 -7 -19 -14 -7 -19 -22 -6 -18 -22 -6 -18 -14
4 0 -6 -18 -14 -6 -18 -22 -6 -17 -22 -6 -17 -14
4 0 -10 -20 -14 -10 -20 -22 -12 -20 -22 -12 -20 -14
4 0 -12 -20 -14 -12 -20 -22 -13 -19 -22 -13 -19 -14
4 0 -13 -19 -14 -13 -19 -22 -14 -18 -22 -14 -18 -14
4 0 -14 -18 -14 -14 -18 -22 -14 -17 -22 -14 -17 -14

4 0 -10 -10 -4 -12 -10 -4 -13 -9 -4 -10 -8 -4
4 0 -12 -10 -4 -14 -12 -4 -16 -10 -4 -13 -9 -4
5 8 -12 -12 -22 -12 -12 -14 -13 -13 -22 -10 -12 -22
5 8 -12 -10 -22 -12 -10 -14 -14 -12 -22 -10 -10 -22
4 0 -14 -12 -4 -16 -14 -4 -17 -13 -4 -16 -10 -4
5 8 -13 -13 -22 -13 -13 -14 -14 -14 -22 -12 -12 -22
5 8 -14 -12 -22 -14 -12 -14 -16 -14 -22 -12 -10 -22
4 0 -16 -14 -4 -16 -16 -4 -18 -16 -4 -17 -13 -4
5 8 -14 -14 -22 -14 -14 -14 -14 -16 -22 -13 -13 -22
5 8 -16 -14 -22 -16 -14 -14 -16 -16 -22 -14 -12 -22
4 0 -16 -16 -4 -16 -18 -4 -17 -19 -4 -18 -16 -4
4 0 -16 -18 -4 -14 -20 -4 -16 -22 -4 -17 -19 -4
5 8 -14 -18 -22 -14 -18 -14 -13 -19 -22 -14 -16 -22
5 8 -16 -18 -22 -16 -18 -14 -14 -20 -22 -16 -16 -22
4 0 -14 -20 -4 -12 -22 -4 -13 -23 -4 -16 -22 -4
5 8 -13 -19 -22 -13 -19 -14 -12 -20 -22 -14 -18 -22
5 8 -14 -20 -22 -14 -20 -14 -12 -22 -22 -16 -18 -22
4 0 -12 -22 -4 -10 -22 -4 -10 -24 -4 -13 -23 -4
5 8 -12 -20 -22 -12 -20 -14 -10 -20 -22 -13 -19 -22
5 8 -12 -22 -22 -12 -22 -14 -10 -22 -22 -14 -20 -22
4 0 -10 -22 -4 -8 -22 -4 -7 -23 -4 -10 -24 -4
5 8 -10 -20 -22 -10 -20 -14 -8 -20 -22 -12 -20 -22
5 8 -10 -22 -22 -10 -22 -14 -8 -22 -22 -12 -22 -22
4 0 -8 -22 -4 -6 -20 -4 -4 -22 -4 -7 -23 -4
5 8 -8 -20 -22 -8 -20 -14 -7 -19 -22 -10 -20 -22
5 8 -8 -22 -22 -8 -22 -14 -6 -20 -22 -10 -22 -22
4 0 -6 -20 -4 -4 -18 -4 -3 -19 -4 -4 -22 -4
5 8 -7 -19 -22 -7 -19 -14 -6 -18 -22 -8 -20 -22
5 8 -6 -20 -22 -6 -20 -14 -4 -18 -22 -8 -22 -22
4 0 -4 -18 -4 -4 -16 -4 -2 -16 -4 -3 -19 -4
5 8 -6 -18 -22 -6 -18 -14 -6 -16 -22 -7 -19 -22
5 8 -4 -18 -22 -4 -18 -14 -4 -16 -22 -6 -20 -22
4 0 -4 -16 -4 -4 -14 -4 -3 -13 -4 -2 -16 -4
5 8 -6 -16 -22 -6 -16 -14 -6 -14 -22 -6 -18 -22
5 8 -4 -16 -22 -4 -16 -14 -4 -14 -22 -4 -18 -22
4 0 -4 -14 -4 -6 -12 -4 -4 -10 -4 -3 -13 -4
5 8 -6 -14 -22 -6 -14 -14 -7 -13 -22 -6 -16 -22
5 8 -4 -14 -22 -4 -14 -14 -6 -12 -22 -4 -16 -22
4 0 -6 -12 -4 -8 -10 -4 -7 -9 -4 -4 -10 -4
5 8 -7 -13 -22 -7 -13 -14 -8 -12 -22 -6 -14 -22
5 8 -6 -12 -22 -6 -12 -14 -8 -10 -22 -4 -14 -22
4 0 -8 -10 -4 -10 -10 -4 -10 -8 -4 -7 -9 -4
5 8 -8 -12 -22 -8 -12 -14 -10 -12 -22 -7 -13 -22
5 8 -8 -10 -22 -8 -10 -14 -10 -10 -22 -6 -12 -22

0 Inlined: 1 0 -10 -16 2 1 0 0 0 1 0 0 0 -1 arm1.dat
0 Arm Pivot 1

2 8 0 -16 2 0 -18 2
2 8 0 -18 2 -10 -18 2
2 8 -10 -22 2 -2 -22 2
2 8 -2 -22 2 -3 -23 2
2 8 -3 -23 2 -6 -25 2
2 8 -6 -25 2 -10 -26 2
2 8 -20 -16 2 -20 -18 2
2 8 -20 -18 2 -10 -18 2
2 8 -10 -22 2 -18 -22 2
2 8 -18 -22 2 -17 -23 2
2 8 -17 -23 2 -14 -25 2
2 8 -14 -25 2 -10 -26 2
2 8 0 -16 2 0 -14 2
2 8 0 -14 2 -10 -14 2
2 8 -10 -10 2 -2 -10 2
2 8 -2 -10 2 -3 -9 2
2 8 -3 -9 2 -6 -7 2
2 8 -6 -7 2 -10 -6 2
2 8 -20 -16 2 -20 -14 2
2 8 -20 -14 2 -10 -14 2
2 8 -10 -10 2 -18 -10 2
2 8 -18 -10 2 -17 -9 2
2 8 -17 -9 2 -14 -7 2
2 8 -14 -7 2 -10 -6 2

2 8 -10 -18 22 -6 -18 21
2 8 -6 -18 21 -3 -18 19
2 8 -3 -18 19 -1 -18 16
2 8 -1 -18 16 0 -18 14
2 8 0 -18 14 0 -18 2
2 8 -10 -18 22 -14 -18 21
2 8 -14 -18 21 -17 -18 19
2 8 -17 -18 19 -19 -18 16
2 8 -19 -18 16 -20 -18 14
2 8 -20 -18 14 -20 -18 2
2 8 -10 -14 22 -6 -14 21
2 8 -6 -14 21 -3 -14 19
2 8 -3 -14 19 -1 -14 16
2 8 -1 -14 16 0 -14 14
2 8 0 -14 14 0 -14 2
2 8 -10 -14 22 -14 -14 21
2 8 -14 -14 21 -17 -14 19
2 8 -17 -14 19 -19 -14 16
2 8 -19 -14 16 -20 -14 14
2 8 -20 -14 14 -20 -14 2

2 8 -10 -22 22 -6 -22 21
2 8 -6 -22 21 -3 -22 19
2 8 -3 -22 19 -2 -22 18
2 8 -2 -22 18 -2 -22 2
2 8 -10 -22 22 -14 -22 21
2 8 -14 -22 21 -17 -22 19
2 8 -17 -22 19 -18 -22 18
2 8 -18 -22 18 -18 -22 2
2 8 -10 -10 22 -6 -10 21
2 8 -6 -10 21 -3 -10 19
2 8 -3 -10 19 -2 -10 18
2 8 -2 -10 18 -2 -10 2
2 8 -10 -10 22 -14 -10 21
2 8 -14 -10 21 -17 -10 19
2 8 -17 -10 19 -18 -10 18
2 8 -18 -10 18 -18 -10 2

2 8 -2 -22 18 -1 -20 16
2 8 -1 -20 16 0 -18 14
2 8 -18 -22 18 -19 -20 16
2 8 -19 -20 16 -20 -18 14
2 8 -2 -10 18 -1 -12 16
2 8 -1 -12 16 0 -14 14
2 8 -18 -10 18 -19 -12 16
2 8 -19 -12 16 -20 -14 14

5 8 -10 -22 22 -10 -18 22 -11 -22 22 -6 -22 21
5 8 -6 -22 21 -6 -18 21 -10 -22 22 -3 -22 19
5 8 -3 -22 19 -3 -18 19 -6 -22 21 -1 -20 16
5 8 -1 -20 16 -1 -18 16 -3 -22 19 0 -18 14
5 8 -1 -20 2 -1 -20 16 -3 -23 2 0 -16 2
5 8 -10 -22 22 -10 -18 22 -9 -22 22 -14 -22 21
5 8 -14 -22 21 -14 -18 21 -10 -22 22 -17 -22 19
5 8 -17 -22 19 -17 -18 19 -14 -22 21 -19 -20 16
5 8 -19 -20 16 -19 -18 16 -17 -22 19 -20 -18 14
5 8 -19 -20 2 -19 -20 16 -17 -23 2 -20 -16 2
5 8 -10 -10 22 -10 -14 22 -11 -10 22 -6 -10 21
5 8 -6 -10 21 -6 -14 21 -10 -10 22 -3 -10 19
5 8 -3 -10 19 -3 -14 19 -6 -10 21 -1 -12 16
5 8 -1 -12 16 -1 -14 16 -3 -10 19 0 -14 14
5 8 -1 -12 2 -1 -12 16 -3 -9 2 0 -16 2
5 8 -10 -10 22 -10 -14 22 -9 -10 22 -14 -10 21
5 8 -14 -10 21 -14 -14 21 -10 -10 22 -17 -10 19
5 8 -17 -10 19 -17 -14 19 -14 -10 21 -19 -12 16
5 8 -19 -12 16 -19 -14 16 -17 -10 19 -20 -14 14
5 8 -19 -12 2 -19 -12 16 -17 -9 2 -20 -16 2

4 0 -10 -16 2 0 -16 2 0 -18 2 -10 -18 2
4 0 -10 -22 2 -2 -22 2 -3 -23 2 -10 -23 2
4 0 -10 -23 2 -3 -23 2 -6 -25 2 -10 -25 2
3 0 -10 -25 2 -6 -25 2 -10 -26 2
4 0 -10 -16 2 -20 -16 2 -20 -18 2 -10 -18 2
4 0 -10 -22 2 -18 -22 2 -17 -23 2 -10 -23 2
4 0 -10 -23 2 -17 -23 2 -14 -25 2 -10 -25 2
3 0 -10 -25 2 -14 -25 2 -10 -26 2
4 0 -10 -16 2 0 -16 2 0 -14 2 -10 -14 2
4 0 -10 -10 2 -2 -10 2 -3 -9 2 -10 -9 2
4 0 -10 -9 2 -3 -9 2 -6 -7 2 -10 -7 2
3 0 -10 -7 2 -6 -7 2 -10 -6 2
4 0 -10 -16 2 -20 -16 2 -20 -14 2 -10 -14 2
4 0 -10 -10 2 -18 -10 2 -17 -9 2 -10 -9 2
4 0 -10 -9 2 -17 -9 2 -14 -7 2 -10 -7 2
3 0 -10 -7 2 -14 -7 2 -10 -6 2

4 0 -10 -18 22 -10 -22 22 -6 -22 21 -6 -18 21
4 0 -6 -18 21 -6 -22 21 -3 -22 19 -3 -18 19
4 0 -3 -18 19 -3 -22 19 -2 -22 18 -1 -18 16
3 0 -1 -18 16 -2 -22 18 -1 -20 16
3 0 -1 -18 16 -1 -20 16 0 -18 14
4 0 0 -18 2 0 -18 14 -1 -20 16 -1 -20 2
4 0 -1 -20 2 -1 -20 16 -2 -22 18 -2 -22 2
4 0 -10 -18 22 -10 -22 22 -14 -22 21 -14 -18 21
4 0 -14 -18 21 -14 -22 21 -17 -22 19 -17 -18 19
4 0 -17 -18 19 -17 -22 19 -18 -22 18 -19 -18 16
3 0 -19 -18 16 -18 -22 18 -19 -20 16
3 0 -19 -18 16 -19 -20 16 -20 -18 14
4 0 -20 -18 2 -20 -18 14 -19 -20 16 -19 -20 2
4 0 -19 -20 2 -19 -20 16 -18 -22 18 -18 -22 2
4 0 -10 -14 22 -10 -10 22 -6 -10 21 -6 -14 21
4 0 -6 -14 21 -6 -10 21 -3 -10 19 -3 -14 19
4 0 -3 -14 19 -3 -10 19 -2 -10 18 -1 -14 16
3 0 -1 -14 16 -2 -10 18 -1 -12 16
3 0 -1 -14 16 -1 -12 16 0 -14 14
4 0 0 -14 2 0 -14 14 -1 -12 16 -1 -12 2
4 0 -1 -12 2 -1 -12 16 -2 -10 18 -2 -10 2
4 0 -10 -14 22 -10 -10 22 -14 -10 21 -14 -14 21
4 0 -14 -14 21 -14 -10 21 -17 -10 19 -17 -14 19
4 0 -17 -14 19 -17 -10 19 -18 -10 18 -19 -14 16
3 0 -19 -14 16 -18 -10 18 -19 -12 16
3 0 -19 -14 16 -19 -12 16 -20 -14 14
4 0 -20 -14 2 -20 -14 14 -19 -12 16 -19 -12 2
4 0 -19 -12 2 -19 -12 16 -18 -10 18 -18 -10 2

4 0 -10 -18 2 0 -18 2 0 -18 14 -10 -18 14
4 0 -10 -18 14 0 -18 14 -1 -18 16 -10 -18 16
4 0 -10 -18 16 -1 -18 16 -3 -18 19 -10 -18 19
4 0 -10 -18 19 -3 -18 19 -6 -18 21 -10 -18 21
3 0 -10 -18 21 -6 -18 21 -10 -18 22
4 0 -10 -18 2 -20 -18 2 -20 -18 14 -10 -18 14
4 0 -10 -18 14 -20 -18 14 -19 -18 16 -10 -18 16
4 0 -10 -18 16 -19 -18 16 -17 -18 19 -10 -18 19
4 0 -10 -18 19 -17 -18 19 -14 -18 21 -10 -18 21
3 0 -10 -18 21 -14 -18 21 -10 -18 22
4 0 -10 -14 2 0 -14 2 0 -14 14 -10 -14 14
4 0 -10 -14 14 0 -14 14 -1 -14 16 -10 -14 16
4 0 -10 -14 16 -1 -14 16 -3 -14 19 -10 -14 19
4 0 -10 -14 19 -3 -14 19 -6 -14 21 -10 -14 21
3 0 -10 -14 21 -6 -14 21 -10 -14 22
4 0 -10 -14 2 -20 -14 2 -20 -14 14 -10 -14 14
4 0 -10 -14 14 -20 -14 14 -19 -14 16 -10 -14 16
4 0 -10 -14 16 -19 -14 16 -17 -14 19 -10 -14 19
4 0 -10 -14 19 -17 -14 19 -14 -14 21 -10 -14 21
3 0 -10 -14 21 -14 -14 21 -10 -14 22

4 0 -10 -22 2 -2 -22 2 -2 -22 18 -10 -22 18
4 0 -10 -22 18 -2 -22 18 -3 -22 19 -10 -22 19
4 0 -10 -22 19 -3 -22 19 -6 -22 21 -10 -22 21
3 0 -10 -22 21 -6 -22 21 -10 -22 22
4 0 -10 -22 2 -18 -22 2 -18 -22 18 -10 -22 18
4 0 -10 -22 18 -18 -22 18 -17 -22 19 -10 -22 19
4 0 -10 -22 19 -17 -22 19 -14 -22 21 -10 -22 21
3 0 -10 -22 21 -14 -22 21 -10 -22 22
4 0 -10 -10 2 -2 -10 2 -2 -10 18 -10 -10 18
4 0 -10 -10 18 -2 -10 18 -3 -10 19 -10 -10 19
4 0 -10 -10 19 -3 -10 19 -6 -10 21 -10 -10 21
3 0 -10 -10 21 -6 -10 21 -10 -10 22
4 0 -10 -10 2 -18 -10 2 -18 -10 18 -10 -10 18
4 0 -10 -10 18 -18 -10 18 -17 -10 19 -10 -10 19
4 0 -10 -10 19 -17 -10 19 -14 -10 21 -10 -10 21
3 0 -10 -10 21 -14 -10 21 -10 -10 22


0

0 Inlined: 1 0 -10 -16 -28 0 0 -1 -1 0 0 0 1 0 3062B.DAT
0 Brick  1 x  1 Round

0 Inlined: 1 0 -10 -16 -9 0 0 -1 -1 0 0 0 2 0 peghole.dat
0 Peg Hole End

0 Inlined: 1 0 -10 -16 -9 0 0 -8 -8 0 0 0 0 0 4-4edge.dat
0 Official LCad update 98-10

2 8 -10 -24 -9 -13 -23 -9
2 8 -13 -23 -9 -16 -22 -9
2 8 -16 -22 -9 -17 -19 -9
2 8 -17 -19 -9 -18 -16 -9
2 8 -18 -16 -9 -17 -13 -9
2 8 -17 -13 -9 -16 -10 -9
2 8 -16 -10 -9 -13 -9 -9
2 8 -13 -9 -9 -10 -8 -9
2 8 -10 -8 -9 -7 -9 -9
2 8 -7 -9 -9 -4 -10 -9
2 8 -4 -10 -9 -3 -13 -9
2 8 -3 -13 -9 -2 -16 -9
2 8 -2 -16 -9 -3 -19 -9
2 8 -3 -19 -9 -4 -22 -9
2 8 -4 -22 -9 -7 -23 -9
2 8 -7 -23 -9 -10 -24 -9

0 Inlined: 1 0 -10 -16 -5 0 0 -8 -8 0 0 0 0 0 4-4edge.dat
0 Official LCad update 98-10

2 8 -10 -24 -5 -13 -23 -5
2 8 -13 -23 -5 -16 -22 -5
2 8 -16 -22 -5 -17 -19 -5
2 8 -17 -19 -5 -18 -16 -5
2 8 -18 -16 -5 -17 -13 -5
2 8 -17 -13 -5 -16 -10 -5
2 8 -16 -10 -5 -13 -9 -5
2 8 -13 -9 -5 -10 -8 -5
2 8 -10 -8 -5 -7 -9 -5
2 8 -7 -9 -5 -4 -10 -5
2 8 -4 -10 -5 -3 -13 -5
2 8 -3 -13 -5 -2 -16 -5
2 8 -2 -16 -5 -3 -19 -5
2 8 -3 -19 -5 -4 -22 -5
2 8 -4 -22 -5 -7 -23 -5
2 8 -7 -23 -5 -10 -24 -5

0 Inlined: 1 0 -10 -16 -5 0 0 -6 -6 0 0 0 0 0 4-4edge.dat
0 Official LCad update 98-10

2 8 -10 -22 -5 -12 -22 -5
2 8 -12 -22 -5 -14 -20 -5
2 8 -14 -20 -5 -16 -18 -5
2 8 -16 -18 -5 -16 -16 -5
2 8 -16 -16 -5 -16 -14 -5
2 8 -16 -14 -5 -14 -12 -5
2 8 -14 -12 -5 -12 -10 -5
2 8 -12 -10 -5 -10 -10 -5
2 8 -10 -10 -5 -8 -10 -5
2 8 -8 -10 -5 -6 -12 -5
2 8 -6 -12 -5 -4 -14 -5
2 8 -4 -14 -5 -4 -16 -5
2 8 -4 -16 -5 -4 -18 -5
2 8 -4 -18 -5 -6 -20 -5
2 8 -6 -20 -5 -8 -22 -5
2 8 -8 -22 -5 -10 -22 -5

0 Inlined: 1 0 -10 -16 -9 0 0 -8 -8 0 0 0 4 0 4-4cyli.dat
0 Official LCad update 98-10

4 0 -10 -24 -9 -13 -23 -9 -13 -23 -5 -10 -24 -5
5 8 -10 -24 -9 -10 -24 -5 -13 -23 -9 -7 -23 -9
4 0 -13 -23 -9 -16 -22 -9 -16 -22 -5 -13 -23 -5
5 8 -13 -23 -9 -13 -23 -5 -16 -22 -9 -10 -24 -9
4 0 -16 -22 -9 -17 -19 -9 -17 -19 -5 -16 -22 -5
5 8 -16 -22 -9 -16 -22 -5 -17 -19 -9 -13 -23 -9
4 0 -17 -19 -9 -18 -16 -9 -18 -16 -5 -17 -19 -5
5 8 -17 -19 -9 -17 -19 -5 -18 -16 -9 -16 -22 -9
4 0 -18 -16 -9 -17 -13 -9 -17 -13 -5 -18 -16 -5
5 8 -18 -16 -9 -18 -16 -5 -17 -13 -9 -17 -19 -9
4 0 -17 -13 -9 -16 -10 -9 -16 -10 -5 -17 -13 -5
5 8 -17 -13 -9 -17 -13 -5 -16 -10 -9 -18 -16 -9
4 0 -16 -10 -9 -13 -9 -9 -13 -9 -5 -16 -10 -5
5 8 -16 -10 -9 -16 -10 -5 -13 -9 -9 -17 -13 -9
4 0 -13 -9 -9 -10 -8 -9 -10 -8 -5 -13 -9 -5
5 8 -13 -9 -9 -13 -9 -5 -10 -8 -9 -16 -10 -9
4 0 -10 -8 -9 -7 -9 -9 -7 -9 -5 -10 -8 -5
5 8 -10 -8 -9 -10 -8 -5 -7 -9 -9 -13 -9 -9
4 0 -7 -9 -9 -4 -10 -9 -4 -10 -5 -7 -9 -5
5 8 -7 -9 -9 -7 -9 -5 -4 -10 -9 -10 -8 -9
4 0 -4 -10 -9 -3 -13 -9 -3 -13 -5 -4 -10 -5
5 8 -4 -10 -9 -4 -10 -5 -3 -13 -9 -7 -9 -9
4 0 -3 -13 -9 -2 -16 -9 -2 -16 -5 -3 -13 -5
5 8 -3 -13 -9 -3 -13 -5 -2 -16 -9 -4 -10 -9
4 0 -2 -16 -9 -3 -19 -9 -3 -19 -5 -2 -16 -5
5 8 -2 -16 -9 -2 -16 -5 -3 -19 -9 -3 -13 -9
4 0 -3 -19 -9 -4 -22 -9 -4 -22 -5 -3 -19 -5
5 8 -3 -19 -9 -3 -19 -5 -4 -22 -9 -2 -16 -9
4 0 -4 -22 -9 -7 -23 -9 -7 -23 -5 -4 -22 -5
5 8 -4 -22 -9 -4 -22 -5 -7 -23 -9 -3 -19 -9
4 0 -7 -23 -9 -10 -24 -9 -10 -24 -5 -7 -23 -5
5 8 -7 -23 -9 -7 -23 -5 -10 -24 -9 -4 -22 -9


4 0 -16 -16 -5 -16 -14 -5 -17 -13 -5 -18 -16 -5
4 0 -16 -14 -5 -14 -12 -5 -16 -10 -5 -17 -13 -5
4 0 -14 -12 -5 -12 -10 -5 -13 -9 -5 -16 -10 -5
4 0 -12 -10 -5 -10 -10 -5 -10 -8 -5 -13 -9 -5
4 0 -10 -10 -5 -8 -10 -5 -7 -9 -5 -10 -8 -5
4 0 -8 -10 -5 -6 -12 -5 -4 -10 -5 -7 -9 -5
4 0 -6 -12 -5 -4 -14 -5 -3 -13 -5 -4 -10 -5
4 0 -4 -14 -5 -4 -16 -5 -2 -16 -5 -3 -13 -5
4 0 -4 -16 -5 -4 -18 -5 -3 -19 -5 -2 -16 -5
4 0 -4 -18 -5 -6 -20 -5 -4 -22 -5 -3 -19 -5
4 0 -6 -20 -5 -8 -22 -5 -7 -23 -5 -4 -22 -5
4 0 -8 -22 -5 -10 -22 -5 -10 -24 -5 -7 -23 -5
4 0 -10 -22 -5 -12 -22 -5 -13 -23 -5 -10 -24 -5
4 0 -12 -22 -5 -14 -20 -5 -16 -22 -5 -13 -23 -5
4 0 -14 -20 -5 -16 -18 -5 -17 -19 -5 -16 -22 -5
4 0 -16 -18 -5 -16 -16 -5 -18 -16 -5 -17 -19 -5


0 Inlined: 1 0 -10 -16 -24 0 0 -6 -6 0 0 0 20 0 4-4cyli.dat
0 Official LCad update 98-10

4 0 -10 -22 -24 -12 -22 -24 -12 -22 -4 -10 -22 -4
5 8 -10 -22 -24 -10 -22 -4 -12 -22 -24 -8 -22 -24
4 0 -12 -22 -24 -14 -20 -24 -14 -20 -4 -12 -22 -4
5 8 -12 -22 -24 -12 -22 -4 -14 -20 -24 -10 -22 -24
4 0 -14 -20 -24 -16 -18 -24 -16 -18 -4 -14 -20 -4
5 8 -14 -20 -24 -14 -20 -4 -16 -18 -24 -12 -22 -24
4 0 -16 -18 -24 -16 -16 -24 -16 -16 -4 -16 -18 -4
5 8 -16 -18 -24 -16 -18 -4 -16 -16 -24 -14 -20 -24
4 0 -16 -16 -24 -16 -14 -24 -16 -14 -4 -16 -16 -4
5 8 -16 -16 -24 -16 -16 -4 -16 -14 -24 -16 -18 -24
4 0 -16 -14 -24 -14 -12 -24 -14 -12 -4 -16 -14 -4
5 8 -16 -14 -24 -16 -14 -4 -14 -12 -24 -16 -16 -24
4 0 -14 -12 -24 -12 -10 -24 -12 -10 -4 -14 -12 -4
5 8 -14 -12 -24 -14 -12 -4 -12 -10 -24 -16 -14 -24
4 0 -12 -10 -24 -10 -10 -24 -10 -10 -4 -12 -10 -4
5 8 -12 -10 -24 -12 -10 -4 -10 -10 -24 -14 -12 -24
4 0 -10 -10 -24 -8 -10 -24 -8 -10 -4 -10 -10 -4
5 8 -10 -10 -24 -10 -10 -4 -8 -10 -24 -12 -10 -24
4 0 -8 -10 -24 -6 -12 -24 -6 -12 -4 -8 -10 -4
5 8 -8 -10 -24 -8 -10 -4 -6 -12 -24 -10 -10 -24
4 0 -6 -12 -24 -4 -14 -24 -4 -14 -4 -6 -12 -4
5 8 -6 -12 -24 -6 -12 -4 -4 -14 -24 -8 -10 -24
4 0 -4 -14 -24 -4 -16 -24 -4 -16 -4 -4 -14 -4
5 8 -4 -14 -24 -4 -14 -4 -4 -16 -24 -6 -12 -24
4 0 -4 -16 -24 -4 -18 -24 -4 -18 -4 -4 -16 -4
5 8 -4 -16 -24 -4 -16 -4 -4 -18 -24 -4 -14 -24
4 0 -4 -18 -24 -6 -20 -24 -6 -20 -4 -4 -18 -4
5 8 -4 -18 -24 -4 -18 -4 -6 -20 -24 -4 -16 -24
4 0 -6 -20 -24 -8 -22 -24 -8 -22 -4 -6 -20 -4
5 8 -6 -20 -24 -6 -20 -4 -8 -22 -24 -4 -18 -24
4 0 -8 -22 -24 -10 -22 -24 -10 -22 -4 -8 -22 -4
5 8 -8 -22 -24 -8 -22 -4 -10 -22 -24 -6 -20 -24

0 Inlined: 1 0 -10 -16 -24 0 0 -6 -6 0 0 0 0 0 4-4edge.dat
0 Official LCad update 98-10

2 8 -10 -22 -24 -12 -22 -24
2 8 -12 -22 -24 -14 -20 -24
2 8 -14 -20 -24 -16 -18 -24
2 8 -16 -18 -24 -16 -16 -24
2 8 -16 -16 -24 -16 -14 -24
2 8 -16 -14 -24 -14 -12 -24
2 8 -14 -12 -24 -12 -10 -24
2 8 -12 -10 -24 -10 -10 -24
2 8 -10 -10 -24 -8 -10 -24
2 8 -8 -10 -24 -6 -12 -24
2 8 -6 -12 -24 -4 -14 -24
2 8 -4 -14 -24 -4 -16 -24
2 8 -4 -16 -24 -4 -18 -24
2 8 -4 -18 -24 -6 -20 -24
2 8 -6 -20 -24 -8 -22 -24
2 8 -8 -22 -24 -10 -22 -24

0 Inlined: 1 0 -10 -16 -24 0 0 -4 -4 0 0 0 0 0 4-4edge.dat
0 Official LCad update 98-10

2 8 -10 -20 -24 -12 -20 -24
2 8 -12 -20 -24 -13 -19 -24
2 8 -13 -19 -24 -14 -18 -24
2 8 -14 -18 -24 -14 -16 -24
2 8 -14 -16 -24 -14 -14 -24
2 8 -14 -14 -24 -13 -13 -24
2 8 -13 -13 -24 -12 -12 -24
2 8 -12 -12 -24 -10 -12 -24
2 8 -10 -12 -24 -8 -12 -24
2 8 -8 -12 -24 -7 -13 -24
2 8 -7 -13 -24 -6 -14 -24
2 8 -6 -14 -24 -6 -16 -24
2 8 -6 -16 -24 -6 -18 -24
2 8 -6 -18 -24 -7 -19 -24
2 8 -7 -19 -24 -8 -20 -24
2 8 -8 -20 -24 -10 -20 -24

0 Inlined: 1 0 -10 -16 -9 0 0 -10 -10 0 0 0 0 0 4-4edge.dat
0 Official LCad update 98-10

2 8 -10 -26 -9 -14 -25 -9
2 8 -14 -25 -9 -17 -23 -9
2 8 -17 -23 -9 -19 -20 -9
2 8 -19 -20 -9 -20 -16 -9
2 8 -20 -16 -9 -19 -12 -9
2 8 -19 -12 -9 -17 -9 -9
2 8 -17 -9 -9 -14 -7 -9
2 8 -14 -7 -9 -10 -6 -9
2 8 -10 -6 -9 -6 -7 -9
2 8 -6 -7 -9 -3 -9 -9
2 8 -3 -9 -9 -1 -12 -9
2 8 -1 -12 -9 0 -16 -9
2 8 0 -16 -9 -1 -20 -9
2 8 -1 -20 -9 -3 -23 -9
2 8 -3 -23 -9 -6 -25 -9
2 8 -6 -25 -9 -10 -26 -9

0 Inlined: 1 0 -10 -16 -28 0 0 -10 -10 0 0 0 19 0 4-4cyli.dat
0 Official LCad update 98-10

4 0 -10 -26 -28 -14 -25 -28 -14 -25 -9 -10 -26 -9
5 8 -10 -26 -28 -10 -26 -9 -14 -25 -28 -6 -25 -28
4 0 -14 -25 -28 -17 -23 -28 -17 -23 -9 -14 -25 -9
5 8 -14 -25 -28 -14 -25 -9 -17 -23 -28 -10 -26 -28
4 0 -17 -23 -28 -19 -20 -28 -19 -20 -9 -17 -23 -9
5 8 -17 -23 -28 -17 -23 -9 -19 -20 -28 -14 -25 -28
4 0 -19 -20 -28 -20 -16 -28 -20 -16 -9 -19 -20 -9
5 8 -19 -20 -28 -19 -20 -9 -20 -16 -28 -17 -23 -28
4 0 -20 -16 -28 -19 -12 -28 -19 -12 -9 -20 -16 -9
5 8 -20 -16 -28 -20 -16 -9 -19 -12 -28 -19 -20 -28
4 0 -19 -12 -28 -17 -9 -28 -17 -9 -9 -19 -12 -9
5 8 -19 -12 -28 -19 -12 -9 -17 -9 -28 -20 -16 -28
4 0 -17 -9 -28 -14 -7 -28 -14 -7 -9 -17 -9 -9
5 8 -17 -9 -28 -17 -9 -9 -14 -7 -28 -19 -12 -28
4 0 -14 -7 -28 -10 -6 -28 -10 -6 -9 -14 -7 -9
5 8 -14 -7 -28 -14 -7 -9 -10 -6 -28 -17 -9 -28
4 0 -10 -6 -28 -6 -7 -28 -6 -7 -9 -10 -6 -9
5 8 -10 -6 -28 -10 -6 -9 -6 -7 -28 -14 -7 -28
4 0 -6 -7 -28 -3 -9 -28 -3 -9 -9 -6 -7 -9
5 8 -6 -7 -28 -6 -7 -9 -3 -9 -28 -10 -6 -28
4 0 -3 -9 -28 -1 -12 -28 -1 -12 -9 -3 -9 -9
5 8 -3 -9 -28 -3 -9 -9 -1 -12 -28 -6 -7 -28
4 0 -1 -12 -28 0 -16 -28 0 -16 -9 -1 -12 -9
5 8 -1 -12 -28 -1 -12 -9 0 -16 -28 -3 -9 -28
4 0 0 -16 -28 -1 -20 -28 -1 -20 -9 0 -16 -9
5 8 0 -16 -28 0 -16 -9 -1 -20 -28 -1 -12 -28
4 0 -1 -20 -28 -3 -23 -28 -3 -23 -9 -1 -20 -9
5 8 -1 -20 -28 -1 -20 -9 -3 -23 -28 0 -16 -28
4 0 -3 -23 -28 -6 -25 -28 -6 -25 -9 -3 -23 -9
5 8 -3 -23 -28 -3 -23 -9 -6 -25 -28 -1 -20 -28
4 0 -6 -25 -28 -10 -26 -28 -10 -26 -9 -6 -25 -9
5 8 -6 -25 -28 -6 -25 -9 -10 -26 -28 -3 -23 -28

0 Inlined: 1 0 -10 -16 -28 0 0 -10 -10 0 0 0 0 0 4-4edge.dat
0 Official LCad update 98-10

2 8 -10 -26 -28 -14 -25 -28
2 8 -14 -25 -28 -17 -23 -28
2 8 -17 -23 -28 -19 -20 -28
2 8 -19 -20 -28 -20 -16 -28
2 8 -20 -16 -28 -19 -12 -28
2 8 -19 -12 -28 -17 -9 -28
2 8 -17 -9 -28 -14 -7 -28
2 8 -14 -7 -28 -10 -6 -28
2 8 -10 -6 -28 -6 -7 -28
2 8 -6 -7 -28 -3 -9 -28
2 8 -3 -9 -28 -1 -12 -28
2 8 -1 -12 -28 0 -16 -28
2 8 0 -16 -28 -1 -20 -28
2 8 -1 -20 -28 -3 -23 -28
2 8 -3 -23 -28 -6 -25 -28
2 8 -6 -25 -28 -10 -26 -28

0 Inlined: 1 0 -10 -16 -28 0 0 -6 -6 0 0 0 0 0 4-4edge.dat
0 Official LCad update 98-10

2 8 -10 -22 -28 -12 -22 -28
2 8 -12 -22 -28 -14 -20 -28
2 8 -14 -20 -28 -16 -18 -28
2 8 -16 -18 -28 -16 -16 -28
2 8 -16 -16 -28 -16 -14 -28
2 8 -16 -14 -28 -14 -12 -28
2 8 -14 -12 -28 -12 -10 -28
2 8 -12 -10 -28 -10 -10 -28
2 8 -10 -10 -28 -8 -10 -28
2 8 -8 -10 -28 -6 -12 -28
2 8 -6 -12 -28 -4 -14 -28
2 8 -4 -14 -28 -4 -16 -28
2 8 -4 -16 -28 -4 -18 -28
2 8 -4 -18 -28 -6 -20 -28
2 8 -6 -20 -28 -8 -22 -28
2 8 -8 -22 -28 -10 -22 -28

0 Inlined: 1 0 -10 -16 -28 0 0 -4 -4 0 0 0 4 0 4-4cyli.dat
0 Official LCad update 98-10

4 0 -10 -20 -28 -12 -20 -28 -12 -20 -24 -10 -20 -24
5 8 -10 -20 -28 -10 -20 -24 -12 -20 -28 -8 -20 -28
4 0 -12 -20 -28 -13 -19 -28 -13 -19 -24 -12 -20 -24
5 8 -12 -20 -28 -12 -20 -24 -13 -19 -28 -10 -20 -28
4 0 -13 -19 -28 -14 -18 -28 -14 -18 -24 -13 -19 -24
5 8 -13 -19 -28 -13 -19 -24 -14 -18 -28 -12 -20 -28
4 0 -14 -18 -28 -14 -16 -28 -14 -16 -24 -14 -18 -24
5 8 -14 -18 -28 -14 -18 -24 -14 -16 -28 -13 -19 -28
4 0 -14 -16 -28 -14 -14 -28 -14 -14 -24 -14 -16 -24
5 8 -14 -16 -28 -14 -16 -24 -14 -14 -28 -14 -18 -28
4 0 -14 -14 -28 -13 -13 -28 -13 -13 -24 -14 -14 -24
5 8 -14 -14 -28 -14 -14 -24 -13 -13 -28 -14 -16 -28
4 0 -13 -13 -28 -12 -12 -28 -12 -12 -24 -13 -13 -24
5 8 -13 -13 -28 -13 -13 -24 -12 -12 -28 -14 -14 -28
4 0 -12 -12 -28 -10 -12 -28 -10 -12 -24 -12 -12 -24
5 8 -12 -12 -28 -12 -12 -24 -10 -12 -28 -13 -13 -28
4 0 -10 -12 -28 -8 -12 -28 -8 -12 -24 -10 -12 -24
5 8 -10 -12 -28 -10 -12 -24 -8 -12 -28 -12 -12 -28
4 0 -8 -12 -28 -7 -13 -28 -7 -13 -24 -8 -12 -24
5 8 -8 -12 -28 -8 -12 -24 -7 -13 -28 -10 -12 -28
4 0 -7 -13 -28 -6 -14 -28 -6 -14 -24 -7 -13 -24
5 8 -7 -13 -28 -7 -13 -24 -6 -14 -28 -8 -12 -28
4 0 -6 -14 -28 -6 -16 -28 -6 -16 -24 -6 -14 -24
5 8 -6 -14 -28 -6 -14 -24 -6 -16 -28 -7 -13 -28
4 0 -6 -16 -28 -6 -18 -28 -6 -18 -24 -6 -16 -24
5 8 -6 -16 -28 -6 -16 -24 -6 -18 -28 -6 -14 -28
4 0 -6 -18 -28 -7 -19 -28 -7 -19 -24 -6 -18 -24
5 8 -6 -18 -28 -6 -18 -24 -7 -19 -28 -6 -16 -28
4 0 -7 -19 -28 -8 -20 -28 -8 -20 -24 -7 -19 -24
5 8 -7 -19 -28 -7 -19 -24 -8 -20 -28 -6 -18 -28
4 0 -8 -20 -28 -10 -20 -28 -10 -20 -24 -8 -20 -24
5 8 -8 -20 -28 -8 -20 -24 -10 -20 -28 -7 -19 -28


0 Inlined: 1 0 -10 -16 -28 0 0 -1 -1 0 0 0 1 0 stud2a.dat
0 Stud 2A
0 Name: stud2a.dat
0 Author: Chris Dee
0 Official LCad update 99-05

0 Inlined: 1 0 -10 -16 -32 0 0 -4 -4 0 0 0 0 0 4-4edge.dat
0 Official LCad update 98-10

2 8 -10 -20 -32 -12 -20 -32
2 8 -12 -20 -32 -13 -19 -32
2 8 -13 -19 -32 -14 -18 -32
2 8 -14 -18 -32 -14 -16 -32
2 8 -14 -16 -32 -14 -14 -32
2 8 -14 -14 -32 -13 -13 -32
2 8 -13 -13 -32 -12 -12 -32
2 8 -12 -12 -32 -10 -12 -32
2 8 -10 -12 -32 -8 -12 -32
2 8 -8 -12 -32 -7 -13 -32
2 8 -7 -13 -32 -6 -14 -32
2 8 -6 -14 -32 -6 -16 -32
2 8 -6 -16 -32 -6 -18 -32
2 8 -6 -18 -32 -7 -19 -32
2 8 -7 -19 -32 -8 -20 -32
2 8 -8 -20 -32 -10 -20 -32

0 Inlined: 1 0 -10 -16 -32 0 0 -6 -6 0 0 0 0 0 4-4edge.dat
0 Official LCad update 98-10

2 8 -10 -22 -32 -12 -22 -32
2 8 -12 -22 -32 -14 -20 -32
2 8 -14 -20 -32 -16 -18 -32
2 8 -16 -18 -32 -16 -16 -32
2 8 -16 -16 -32 -16 -14 -32
2 8 -16 -14 -32 -14 -12 -32
2 8 -14 -12 -32 -12 -10 -32
2 8 -12 -10 -32 -10 -10 -32
2 8 -10 -10 -32 -8 -10 -32
2 8 -8 -10 -32 -6 -12 -32
2 8 -6 -12 -32 -4 -14 -32
2 8 -4 -14 -32 -4 -16 -32
2 8 -4 -16 -32 -4 -18 -32
2 8 -4 -18 -32 -6 -20 -32
2 8 -6 -20 -32 -8 -22 -32
2 8 -8 -22 -32 -10 -22 -32


0 Inlined: 1 0 -10 -16 -32 0 0 -4 -4 0 0 0 4 0 4-4cyli.dat
0 Official LCad update 98-10

4 0 -10 -20 -32 -12 -20 -32 -12 -20 -28 -10 -20 -28
5 8 -10 -20 -32 -10 -20 -28 -12 -20 -32 -8 -20 -32
4 0 -12 -20 -32 -13 -19 -32 -13 -19 -28 -12 -20 -28
5 8 -12 -20 -32 -12 -20 -28 -13 -19 -32 -10 -20 -32
4 0 -13 -19 -32 -14 -18 -32 -14 -18 -28 -13 -19 -28
5 8 -13 -19 -32 -13 -19 -28 -14 -18 -32 -12 -20 -32
4 0 -14 -18 -32 -14 -16 -32 -14 -16 -28 -14 -18 -28
5 8 -14 -18 -32 -14 -18 -28 -14 -16 -32 -13 -19 -32
4 0 -14 -16 -32 -14 -14 -32 -14 -14 -28 -14 -16 -28
5 8 -14 -16 -32 -14 -16 -28 -14 -14 -32 -14 -18 -32
4 0 -14 -14 -32 -13 -13 -32 -13 -13 -28 -14 -14 -28
5 8 -14 -14 -32 -14 -14 -28 -13 -13 -32 -14 -16 -32
4 0 -13 -13 -32 -12 -12 -32 -12 -12 -28 -13 -13 -28
5 8 -13 -13 -32 -13 -13 -28 -12 -12 -32 -14 -14 -32
4 0 -12 -12 -32 -10 -12 -32 -10 -12 -28 -12 -12 -28
5 8 -12 -12 -32 -12 -12 -28 -10 -12 -32 -13 -13 -32
4 0 -10 -12 -32 -8 -12 -32 -8 -12 -28 -10 -12 -28
5 8 -10 -12 -32 -10 -12 -28 -8 -12 -32 -12 -12 -32
4 0 -8 -12 -32 -7 -13 -32 -7 -13 -28 -8 -12 -28
5 8 -8 -12 -32 -8 -12 -28 -7 -13 -32 -10 -12 -32
4 0 -7 -13 -32 -6 -14 -32 -6 -14 -28 -7 -13 -28
5 8 -7 -13 -32 -7 -13 -28 -6 -14 -32 -8 -12 -32
4 0 -6 -14 -32 -6 -16 -32 -6 -16 -28 -6 -14 -28
5 8 -6 -14 -32 -6 -14 -28 -6 -16 -32 -7 -13 -32
4 0 -6 -16 -32 -6 -18 -32 -6 -18 -28 -6 -16 -28
5 8 -6 -16 -32 -6 -16 -28 -6 -18 -32 -6 -14 -32
4 0 -6 -18 -32 -7 -19 -32 -7 -19 -28 -6 -18 -28
5 8 -6 -18 -32 -6 -18 -28 -7 -19 -32 -6 -16 -32
4 0 -7 -19 -32 -8 -20 -32 -8 -20 -28 -7 -19 -28
5 8 -7 -19 -32 -7 -19 -28 -8 -20 -32 -6 -18 -32
4 0 -8 -20 -32 -10 -20 -32 -10 -20 -28 -8 -20 -28
5 8 -8 -20 -32 -8 -20 -28 -10 -20 -32 -7 -19 -32

0 Inlined: 1 0 -10 -16 -32 0 0 -6 -6 0 0 0 4 0 4-4cyli.dat
0 Official LCad update 98-10

4 0 -10 -22 -32 -12 -22 -32 -12 -22 -28 -10 -22 -28
5 8 -10 -22 -32 -10 -22 -28 -12 -22 -32 -8 -22 -32
4 0 -12 -22 -32 -14 -20 -32 -14 -20 -28 -12 -22 -28
5 8 -12 -22 -32 -12 -22 -28 -14 -20 -32 -10 -22 -32
4 0 -14 -20 -32 -16 -18 -32 -16 -18 -28 -14 -20 -28
5 8 -14 -20 -32 -14 -20 -28 -16 -18 -32 -12 -22 -32
4 0 -16 -18 -32 -16 -16 -32 -16 -16 -28 -16 -18 -28
5 8 -16 -18 -32 -16 -18 -28 -16 -16 -32 -14 -20 -32
4 0 -16 -16 -32 -16 -14 -32 -16 -14 -28 -16 -16 -28
5 8 -16 -16 -32 -16 -16 -28 -16 -14 -32 -16 -18 -32
4 0 -16 -14 -32 -14 -12 -32 -14 -12 -28 -16 -14 -28
5 8 -16 -14 -32 -16 -14 -28 -14 -12 -32 -16 -16 -32
4 0 -14 -12 -32 -12 -10 -32 -12 -10 -28 -14 -12 -28
5 8 -14 -12 -32 -14 -12 -28 -12 -10 -32 -16 -14 -32
4 0 -12 -10 -32 -10 -10 -32 -10 -10 -28 -12 -10 -28
5 8 -12 -10 -32 -12 -10 -28 -10 -10 -32 -14 -12 -32
4 0 -10 -10 -32 -8 -10 -32 -8 -10 -28 -10 -10 -28
5 8 -10 -10 -32 -10 -10 -28 -8 -10 -32 -12 -10 -32
4 0 -8 -10 -32 -6 -12 -32 -6 -12 -28 -8 -10 -28
5 8 -8 -10 -32 -8 -10 -28 -6 -12 -32 -10 -10 -32
4 0 -6 -12 -32 -4 -14 -32 -4 -14 -28 -6 -12 -28
5 8 -6 -12 -32 -6 -12 -28 -4 -14 -32 -8 -10 -32
4 0 -4 -14 -32 -4 -16 -32 -4 -16 -28 -4 -14 -28
5 8 -4 -14 -32 -4 -14 -28 -4 -16 -32 -6 -12 -32
4 0 -4 -16 -32 -4 -18 -32 -4 -18 -28 -4 -16 -28
5 8 -4 -16 -32 -4 -16 -28 -4 -18 -32 -4 -14 -32
4 0 -4 -18 -32 -6 -20 -32 -6 -20 -28 -4 -18 -28
5 8 -4 -18 -32 -4 -18 -28 -6 -20 -32 -4 -16 -32
4 0 -6 -20 -32 -8 -22 -32 -8 -22 -28 -6 -20 -28
5 8 -6 -20 -32 -6 -20 -28 -8 -22 -32 -4 -18 -32
4 0 -8 -22 -32 -10 -22 -32 -10 -22 -28 -8 -22 -28
5 8 -8 -22 -32 -8 -22 -28 -10 -22 -32 -6 -20 -32

0 Inlined: 1 0 -10 -16 -32 0 0 -2 -2 0 0 0 0 0 ring2.dat
0 Official LCad update 98-10

4 0 -14 -16 -32 -14 -14 -32 -16 -14 -32 -16 -16 -32
4 0 -14 -14 -32 -13 -13 -32 -14 -12 -32 -16 -14 -32
4 0 -13 -13 -32 -12 -12 -32 -12 -10 -32 -14 -12 -32
4 0 -12 -12 -32 -10 -12 -32 -10 -10 -32 -12 -10 -32
4 0 -10 -12 -32 -8 -12 -32 -8 -10 -32 -10 -10 -32
4 0 -8 -12 -32 -7 -13 -32 -6 -12 -32 -8 -10 -32
4 0 -7 -13 -32 -6 -14 -32 -4 -14 -32 -6 -12 -32
4 0 -6 -14 -32 -6 -16 -32 -4 -16 -32 -4 -14 -32
4 0 -6 -16 -32 -6 -18 -32 -4 -18 -32 -4 -16 -32
4 0 -6 -18 -32 -7 -19 -32 -6 -20 -32 -4 -18 -32
4 0 -7 -19 -32 -8 -20 -32 -8 -22 -32 -6 -20 -32
4 0 -8 -20 -32 -10 -20 -32 -10 -22 -32 -8 -22 -32
4 0 -10 -20 -32 -12 -20 -32 -12 -22 -32 -10 -22 -32
4 0 -12 -20 -32 -13 -19 -32 -14 -20 -32 -12 -22 -32
4 0 -13 -19 -32 -14 -18 -32 -16 -18 -32 -14 -20 -32
4 0 -14 -18 -32 -14 -16 -32 -16 -16 -32 -16 -18 -32

0


4 0 -18 -16 -9 -17 -13 -9 -19 -12 -9 -20 -16 -9
4 0 -14 -16 -24 -14 -14 -24 -16 -14 -24 -16 -16 -24
4 0 -16 -16 -28 -16 -14 -28 -19 -12 -28 -20 -16 -28
4 0 -17 -13 -9 -16 -10 -9 -17 -9 -9 -19 -12 -9
4 0 -14 -14 -24 -13 -13 -24 -14 -12 -24 -16 -14 -24
4 0 -16 -14 -28 -14 -12 -28 -17 -9 -28 -19 -12 -28
4 0 -16 -10 -9 -13 -9 -9 -14 -7 -9 -17 -9 -9
4 0 -13 -13 -24 -12 -12 -24 -12 -10 -24 -14 -12 -24
4 0 -14 -12 -28 -12 -10 -28 -14 -7 -28 -17 -9 -28
4 0 -13 -9 -9 -10 -8 -9 -10 -6 -9 -14 -7 -9
4 0 -12 -12 -24 -10 -12 -24 -10 -10 -24 -12 -10 -24
4 0 -12 -10 -28 -10 -10 -28 -10 -6 -28 -14 -7 -28
4 0 -10 -8 -9 -7 -9 -9 -6 -7 -9 -10 -6 -9
4 0 -10 -12 -24 -8 -12 -24 -8 -10 -24 -10 -10 -24
4 0 -10 -10 -28 -8 -10 -28 -6 -7 -28 -10 -6 -28
4 0 -7 -9 -9 -4 -10 -9 -3 -9 -9 -6 -7 -9
4 0 -8 -12 -24 -7 -13 -24 -6 -12 -24 -8 -10 -24
4 0 -8 -10 -28 -6 -12 -28 -3 -9 -28 -6 -7 -28
4 0 -4 -10 -9 -3 -13 -9 -1 -12 -9 -3 -9 -9
4 0 -7 -13 -24 -6 -14 -24 -4 -14 -24 -6 -12 -24
4 0 -6 -12 -28 -4 -14 -28 -1 -12 -28 -3 -9 -28
4 0 -3 -13 -9 -2 -16 -9 0 -16 -9 -1 -12 -9
4 0 -6 -14 -24 -6 -16 -24 -4 -16 -24 -4 -14 -24
4 0 -4 -14 -28 -4 -16 -28 0 -16 -28 -1 -12 -28
4 0 -2 -16 -9 -3 -19 -9 -1 -20 -9 0 -16 -9
4 0 -6 -16 -24 -6 -18 -24 -4 -18 -24 -4 -16 -24
4 0 -4 -16 -28 -4 -18 -28 -1 -20 -28 0 -16 -28
4 0 -3 -19 -9 -4 -22 -9 -3 -23 -9 -1 -20 -9
4 0 -6 -18 -24 -7 -19 -24 -6 -20 -24 -4 -18 -24
4 0 -4 -18 -28 -6 -20 -28 -3 -23 -28 -1 -20 -28
4 0 -4 -22 -9 -7 -23 -9 -6 -25 -9 -3 -23 -9
4 0 -7 -19 -24 -8 -20 -24 -8 -22 -24 -6 -20 -24
4 0 -6 -20 -28 -8 -22 -28 -6 -25 -28 -3 -23 -28
4 0 -7 -23 -9 -10 -24 -9 -10 -26 -9 -6 -25 -9
4 0 -8 -20 -24 -10 -20 -24 -10 -22 -24 -8 -22 -24
4 0 -8 -22 -28 -10 -22 -28 -10 -26 -28 -6 -25 -28
4 0 -10 -24 -9 -13 -23 -9 -14 -25 -9 -10 -26 -9
4 0 -10 -20 -24 -12 -20 -24 -12 -22 -24 -10 -22 -24
4 0 -10 -22 -28 -12 -22 -28 -14 -25 -28 -10 -26 -28
4 0 -13 -23 -9 -16 -22 -9 -17 -23 -9 -14 -25 -9
4 0 -12 -20 -24 -13 -19 -24 -14 -20 -24 -12 -22 -24
4 0 -12 -22 -28 -14 -20 -28 -17 -23 -28 -14 -25 -28
4 0 -16 -22 -9 -17 -19 -9 -19 -20 -9 -17 -23 -9
4 0 -13 -19 -24 -14 -18 -24 -16 -18 -24 -14 -20 -24
4 0 -14 -20 -28 -16 -18 -28 -19 -20 -28 -17 -23 -28
4 0 -17 -19 -9 -18 -16 -9 -20 -16 -9 -19 -20 -9
4 0 -14 -18 -24 -14 -16 -24 -16 -16 -24 -16 -18 -24
4 0 -16 -18 -28 -16 -16 -28 -20 -16 -28 -19 -20 -28

0 Inlined: 1 14 -10 -16 -36 0 0 -1 -1 0 0 0 1 0 2569.DAT
0 Antenna Whip 8H
0 Name: 2569.dat
0 Author: James Jessiman
0 Official L-Cad update 99-03

0 Note: One or more STUD references in this file
0 have been purposely capitalized to ensure that
0 the stud is fully visible in LEdit

0 Inlined: 1 14 -10 -16 -32 0 0 -1 -1 0 0 0 -1 0 STUD4a.dat
0 Stud 4A
0 Name: stud4a.dat
0 Author: Chris Dee
0 Official LCad update 99-05

0 Inlined: 1 14 -10 -16 -28 0 0 -6 -6 0 0 0 0 0 4-4edge.dat
0 Official LCad update 98-10

2 8 -10 -22 -28 -12 -22 -28
2 8 -12 -22 -28 -14 -20 -28
2 8 -14 -20 -28 -16 -18 -28
2 8 -16 -18 -28 -16 -16 -28
2 8 -16 -16 -28 -16 -14 -28
2 8 -16 -14 -28 -14 -12 -28
2 8 -14 -12 -28 -12 -10 -28
2 8 -12 -10 -28 -10 -10 -28
2 8 -10 -10 -28 -8 -10 -28
2 8 -8 -10 -28 -6 -12 -28
2 8 -6 -12 -28 -4 -14 -28
2 8 -4 -14 -28 -4 -16 -28
2 8 -4 -16 -28 -4 -18 -28
2 8 -4 -18 -28 -6 -20 -28
2 8 -6 -20 -28 -8 -22 -28
2 8 -8 -22 -28 -10 -22 -28

0 Inlined: 1 14 -10 -16 -28 0 0 -8 -8 0 0 0 0 0 4-4edge.dat
0 Official LCad update 98-10

2 8 -10 -24 -28 -13 -23 -28
2 8 -13 -23 -28 -16 -22 -28
2 8 -16 -22 -28 -17 -19 -28
2 8 -17 -19 -28 -18 -16 -28
2 8 -18 -16 -28 -17 -13 -28
2 8 -17 -13 -28 -16 -10 -28
2 8 -16 -10 -28 -13 -9 -28
2 8 -13 -9 -28 -10 -8 -28
2 8 -10 -8 -28 -7 -9 -28
2 8 -7 -9 -28 -4 -10 -28
2 8 -4 -10 -28 -3 -13 -28
2 8 -3 -13 -28 -2 -16 -28
2 8 -2 -16 -28 -3 -19 -28
2 8 -3 -19 -28 -4 -22 -28
2 8 -4 -22 -28 -7 -23 -28
2 8 -7 -23 -28 -10 -24 -28

0 Inlined: 1 14 -10 -16 -28 0 0 -6 -6 0 0 0 -4 0 4-4cyli.dat
0 Official LCad update 98-10

4 14 -10 -22 -28 -12 -22 -28 -12 -22 -32 -10 -22 -32
5 8 -10 -22 -28 -10 -22 -32 -12 -22 -28 -8 -22 -28
4 14 -12 -22 -28 -14 -20 -28 -14 -20 -32 -12 -22 -32
5 8 -12 -22 -28 -12 -22 -32 -14 -20 -28 -10 -22 -28
4 14 -14 -20 -28 -16 -18 -28 -16 -18 -32 -14 -20 -32
5 8 -14 -20 -28 -14 -20 -32 -16 -18 -28 -12 -22 -28
4 14 -16 -18 -28 -16 -16 -28 -16 -16 -32 -16 -18 -32
5 8 -16 -18 -28 -16 -18 -32 -16 -16 -28 -14 -20 -28
4 14 -16 -16 -28 -16 -14 -28 -16 -14 -32 -16 -16 -32
5 8 -16 -16 -28 -16 -16 -32 -16 -14 -28 -16 -18 -28
4 14 -16 -14 -28 -14 -12 -28 -14 -12 -32 -16 -14 -32
5 8 -16 -14 -28 -16 -14 -32 -14 -12 -28 -16 -16 -28
4 14 -14 -12 -28 -12 -10 -28 -12 -10 -32 -14 -12 -32
5 8 -14 -12 -28 -14 -12 -32 -12 -10 -28 -16 -14 -28
4 14 -12 -10 -28 -10 -10 -28 -10 -10 -32 -12 -10 -32
5 8 -12 -10 -28 -12 -10 -32 -10 -10 -28 -14 -12 -28
4 14 -10 -10 -28 -8 -10 -28 -8 -10 -32 -10 -10 -32
5 8 -10 -10 -28 -10 -10 -32 -8 -10 -28 -12 -10 -28
4 14 -8 -10 -28 -6 -12 -28 -6 -12 -32 -8 -10 -32
5 8 -8 -10 -28 -8 -10 -32 -6 -12 -28 -10 -10 -28
4 14 -6 -12 -28 -4 -14 -28 -4 -14 -32 -6 -12 -32
5 8 -6 -12 -28 -6 -12 -32 -4 -14 -28 -8 -10 -28
4 14 -4 -14 -28 -4 -16 -28 -4 -16 -32 -4 -14 -32
5 8 -4 -14 -28 -4 -14 -32 -4 -16 -28 -6 -12 -28
4 14 -4 -16 -28 -4 -18 -28 -4 -18 -32 -4 -16 -32
5 8 -4 -16 -28 -4 -16 -32 -4 -18 -28 -4 -14 -28
4 14 -4 -18 -28 -6 -20 -28 -6 -20 -32 -4 -18 -32
5 8 -4 -18 -28 -4 -18 -32 -6 -20 -28 -4 -16 -28
4 14 -6 -20 -28 -8 -22 -28 -8 -22 -32 -6 -20 -32
5 8 -6 -20 -28 -6 -20 -32 -8 -22 -28 -4 -18 -28
4 14 -8 -22 -28 -10 -22 -28 -10 -22 -32 -8 -22 -32
5 8 -8 -22 -28 -8 -22 -32 -10 -22 -28 -6 -20 -28

0 Inlined: 1 14 -10 -16 -28 0 0 -8 -8 0 0 0 -4 0 4-4cyli.dat
0 Official LCad update 98-10

4 14 -10 -24 -28 -13 -23 -28 -13 -23 -32 -10 -24 -32
5 8 -10 -24 -28 -10 -24 -32 -13 -23 -28 -7 -23 -28
4 14 -13 -23 -28 -16 -22 -28 -16 -22 -32 -13 -23 -32
5 8 -13 -23 -28 -13 -23 -32 -16 -22 -28 -10 -24 -28
4 14 -16 -22 -28 -17 -19 -28 -17 -19 -32 -16 -22 -32
5 8 -16 -22 -28 -16 -22 -32 -17 -19 -28 -13 -23 -28
4 14 -17 -19 -28 -18 -16 -28 -18 -16 -32 -17 -19 -32
5 8 -17 -19 -28 -17 -19 -32 -18 -16 -28 -16 -22 -28
4 14 -18 -16 -28 -17 -13 -28 -17 -13 -32 -18 -16 -32
5 8 -18 -16 -28 -18 -16 -32 -17 -13 -28 -17 -19 -28
4 14 -17 -13 -28 -16 -10 -28 -16 -10 -32 -17 -13 -32
5 8 -17 -13 -28 -17 -13 -32 -16 -10 -28 -18 -16 -28
4 14 -16 -10 -28 -13 -9 -28 -13 -9 -32 -16 -10 -32
5 8 -16 -10 -28 -16 -10 -32 -13 -9 -28 -17 -13 -28
4 14 -13 -9 -28 -10 -8 -28 -10 -8 -32 -13 -9 -32
5 8 -13 -9 -28 -13 -9 -32 -10 -8 -28 -16 -10 -28
4 14 -10 -8 -28 -7 -9 -28 -7 -9 -32 -10 -8 -32
5 8 -10 -8 -28 -10 -8 -32 -7 -9 -28 -13 -9 -28
4 14 -7 -9 -28 -4 -10 -28 -4 -10 -32 -7 -9 -32
5 8 -7 -9 -28 -7 -9 -32 -4 -10 -28 -10 -8 -28
4 14 -4 -10 -28 -3 -13 -28 -3 -13 -32 -4 -10 -32
5 8 -4 -10 -28 -4 -10 -32 -3 -13 -28 -7 -9 -28
4 14 -3 -13 -28 -2 -16 -28 -2 -16 -32 -3 -13 -32
5 8 -3 -13 -28 -3 -13 -32 -2 -16 -28 -4 -10 -28
4 14 -2 -16 -28 -3 -19 -28 -3 -19 -32 -2 -16 -32
5 8 -2 -16 -28 -2 -16 -32 -3 -19 -28 -3 -13 -28
4 14 -3 -19 -28 -4 -22 -28 -4 -22 -32 -3 -19 -32
5 8 -3 -19 -28 -3 -19 -32 -4 -22 -28 -2 -16 -28
4 14 -4 -22 -28 -7 -23 -28 -7 -23 -32 -4 -22 -32
5 8 -4 -22 -28 -4 -22 -32 -7 -23 -28 -3 -19 -28
4 14 -7 -23 -28 -10 -24 -28 -10 -24 -32 -7 -23 -32
5 8 -7 -23 -28 -7 -23 -32 -10 -24 -28 -4 -22 -28

0 Inlined: 1 14 -10 -16 -28 0 0 -2 -2 0 0 0 0 0 ring3.dat
0 Official LCad update 98-10

4 14 -16 -16 -28 -16 -14 -28 -17 -13 -28 -18 -16 -28
4 14 -16 -14 -28 -14 -12 -28 -16 -10 -28 -17 -13 -28
4 14 -14 -12 -28 -12 -10 -28 -13 -9 -28 -16 -10 -28
4 14 -12 -10 -28 -10 -10 -28 -10 -8 -28 -13 -9 -28
4 14 -10 -10 -28 -8 -10 -28 -7 -9 -28 -10 -8 -28
4 14 -8 -10 -28 -6 -12 -28 -4 -10 -28 -7 -9 -28
4 14 -6 -12 -28 -4 -14 -28 -3 -13 -28 -4 -10 -28
4 14 -4 -14 -28 -4 -16 -28 -2 -16 -28 -3 -13 -28
4 14 -4 -16 -28 -4 -18 -28 -3 -19 -28 -2 -16 -28
4 14 -4 -18 -28 -6 -20 -28 -4 -22 -28 -3 -19 -28
4 14 -6 -20 -28 -8 -22 -28 -7 -23 -28 -4 -22 -28
4 14 -8 -22 -28 -10 -22 -28 -10 -24 -28 -7 -23 -28
4 14 -10 -22 -28 -12 -22 -28 -13 -23 -28 -10 -24 -28
4 14 -12 -22 -28 -14 -20 -28 -16 -22 -28 -13 -23 -28
4 14 -14 -20 -28 -16 -18 -28 -17 -19 -28 -16 -22 -28
4 14 -16 -18 -28 -16 -16 -28 -18 -16 -28 -17 -19 -28

0

0 Inlined: 1 14 -10 -16 -32 0 0 -6 -6 0 0 0 0 0 4-4edge.dat
0 Official LCad update 98-10

2 8 -10 -22 -32 -12 -22 -32
2 8 -12 -22 -32 -14 -20 -32
2 8 -14 -20 -32 -16 -18 -32
2 8 -16 -18 -32 -16 -16 -32
2 8 -16 -16 -32 -16 -14 -32
2 8 -16 -14 -32 -14 -12 -32
2 8 -14 -12 -32 -12 -10 -32
2 8 -12 -10 -32 -10 -10 -32
2 8 -10 -10 -32 -8 -10 -32
2 8 -8 -10 -32 -6 -12 -32
2 8 -6 -12 -32 -4 -14 -32
2 8 -4 -14 -32 -4 -16 -32
2 8 -4 -16 -32 -4 -18 -32
2 8 -4 -18 -32 -6 -20 -32
2 8 -6 -20 -32 -8 -22 -32
2 8 -8 -22 -32 -10 -22 -32

0 Inlined: 1 14 -10 -16 -36 0 0 -8 -8 0 0 0 0 0 4-4edge.dat
0 Official LCad update 98-10

2 8 -10 -24 -36 -13 -23 -36
2 8 -13 -23 -36 -16 -22 -36
2 8 -16 -22 -36 -17 -19 -36
2 8 -17 -19 -36 -18 -16 -36
2 8 -18 -16 -36 -17 -13 -36
2 8 -17 -13 -36 -16 -10 -36
2 8 -16 -10 -36 -13 -9 -36
2 8 -13 -9 -36 -10 -8 -36
2 8 -10 -8 -36 -7 -9 -36
2 8 -7 -9 -36 -4 -10 -36
2 8 -4 -10 -36 -3 -13 -36
2 8 -3 -13 -36 -2 -16 -36
2 8 -2 -16 -36 -3 -19 -36
2 8 -3 -19 -36 -4 -22 -36
2 8 -4 -22 -36 -7 -23 -36
2 8 -7 -23 -36 -10 -24 -36

0 Inlined: 1 14 -10 -16 -36 0 0 -4 -4 0 0 0 0 0 4-4edge.dat
0 Official LCad update 98-10

2 8 -10 -20 -36 -12 -20 -36
2 8 -12 -20 -36 -13 -19 -36
2 8 -13 -19 -36 -14 -18 -36
2 8 -14 -18 -36 -14 -16 -36
2 8 -14 -16 -36 -14 -14 -36
2 8 -14 -14 -36 -13 -13 -36
2 8 -13 -13 -36 -12 -12 -36
2 8 -12 -12 -36 -10 -12 -36
2 8 -10 -12 -36 -8 -12 -36
2 8 -8 -12 -36 -7 -13 -36
2 8 -7 -13 -36 -6 -14 -36
2 8 -6 -14 -36 -6 -16 -36
2 8 -6 -16 -36 -6 -18 -36
2 8 -6 -18 -36 -7 -19 -36
2 8 -7 -19 -36 -8 -20 -36
2 8 -8 -20 -36 -10 -20 -36

0 Inlined: 1 14 -10 -16 -60 0 0 -4 -4 0 0 0 0 0 4-4edge.dat
0 Official LCad update 98-10

2 8 -10 -20 -60 -12 -20 -60
2 8 -12 -20 -60 -13 -19 -60
2 8 -13 -19 -60 -14 -18 -60
2 8 -14 -18 -60 -14 -16 -60
2 8 -14 -16 -60 -14 -14 -60
2 8 -14 -14 -60 -13 -13 -60
2 8 -13 -13 -60 -12 -12 -60
2 8 -12 -12 -60 -10 -12 -60
2 8 -10 -12 -60 -8 -12 -60
2 8 -8 -12 -60 -7 -13 -60
2 8 -7 -13 -60 -6 -14 -60
2 8 -6 -14 -60 -6 -16 -60
2 8 -6 -16 -60 -6 -18 -60
2 8 -6 -18 -60 -7 -19 -60
2 8 -7 -19 -60 -8 -20 -60
2 8 -8 -20 -60 -10 -20 -60

0 Inlined: 1 14 -10 -16 -60 0 0 -2 -2 0 0 0 0 0 4-4edge.dat
0 Official LCad update 98-10

2 8 -10 -18 -60 -11 -18 -60
2 8 -11 -18 -60 -11 -17 -60
2 8 -11 -17 -60 -12 -17 -60
2 8 -12 -17 -60 -12 -16 -60
2 8 -12 -16 -60 -12 -15 -60
2 8 -12 -15 -60 -11 -15 -60
2 8 -11 -15 -60 -11 -14 -60
2 8 -11 -14 -60 -10 -14 -60
2 8 -10 -14 -60 -9 -14 -60
2 8 -9 -14 -60 -9 -15 -60
2 8 -9 -15 -60 -8 -15 -60
2 8 -8 -15 -60 -8 -16 -60
2 8 -8 -16 -60 -8 -17 -60
2 8 -8 -17 -60 -9 -17 -60
2 8 -9 -17 -60 -9 -18 -60
2 8 -9 -18 -60 -10 -18 -60

0 Inlined: 1 14 -10 -16 -212 0 0 -2 -2 0 0 0 0 0 4-4edge.dat
0 Official LCad update 98-10

2 8 -10 -18 -212 -11 -18 -212
2 8 -11 -18 -212 -11 -17 -212
2 8 -11 -17 -212 -12 -17 -212
2 8 -12 -17 -212 -12 -16 -212
2 8 -12 -16 -212 -12 -15 -212
2 8 -12 -15 -212 -11 -15 -212
2 8 -11 -15 -212 -11 -14 -212
2 8 -11 -14 -212 -10 -14 -212
2 8 -10 -14 -212 -9 -14 -212
2 8 -9 -14 -212 -9 -15 -212
2 8 -9 -15 -212 -8 -15 -212
2 8 -8 -15 -212 -8 -16 -212
2 8 -8 -16 -212 -8 -17 -212
2 8 -8 -17 -212 -9 -17 -212
2 8 -9 -17 -212 -9 -18 -212
2 8 -9 -18 -212 -10 -18 -212

0 Inlined: 1 14 -10 -16 -216 0 0 -4 -4 0 0 0 4 0 8-8sphe.dat

0 Inlined: 1 14 -10 -16 -216 0 0 -4 -4 0 0 0 4 0 1-8sphe.dat
0 Sphere 0.125
0 Name: 1-8sphe.dat
0 Author: James Jessiman
0 Original LDraw Primitive - 2000-02 Update

0 2000-Aug Axel Poque, Manfred Moolhuysen - fixes to resolve L3P error messages.

4 14 -10 -16 -212 -10 -18 -212 -12 -18 -213 -12 -16 -212
4 14 -10 -18 -212 -10 -19 -213 -12 -19 -213 -12 -18 -213
4 14 -10 -19 -213 -10 -20 -214 -12 -19 -214 -12 -19 -213
4 14 -10 -20 -214 -10 -20 -216 -12 -20 -216 -12 -19 -214

4 14 -12 -16 -212 -12 -18 -213 -13 -18 -213 -13 -16 -213
3 14 -12 -18 -213 -13 -18 -213 -12 -19 -213
3 14 -12 -19 -213 -13 -18 -213 -13 -19 -214
3 14 -12 -19 -213 -13 -19 -214 -12 -19 -214
4 14 -12 -20 -216 -12 -19 -214 -13 -19 -214 -13 -19 -216

4 14 -13 -16 -213 -13 -18 -213 -13 -18 -214 -14 -16 -214
3 14 -13 -18 -213 -13 -18 -214 -13 -19 -214
4 14 -13 -19 -216 -13 -19 -214 -13 -18 -214 -14 -18 -216

4 14 -14 -16 -214 -13 -18 -214 -14 -18 -216 -14 -16 -216

5 8 -10 -16 -212 -10 -18 -212 -12 -18 -213 -6 -18 -212
5 8 -10 -18 -212 -10 -19 -213 -12 -19 -213 -6 -19 -213
5 8 -10 -19 -213 -10 -20 -214 -12 -19 -214 -6 -20 -214
5 8 -10 -20 -214 -10 -20 -216 -12 -20 -216 -6 -20 -216

5 8 -12 -16 -212 -12 -18 -213 -13 -18 -213 -10 -18 -212
5 8 -12 -18 -213 -12 -19 -213 -13 -18 -213 -10 -19 -213
5 8 -12 -19 -213 -12 -19 -214 -13 -19 -214 -10 -20 -214
5 8 -12 -19 -214 -12 -20 -216 -13 -19 -216 -10 -20 -216

5 8 -13 -16 -213 -13 -18 -213 -13 -18 -214 -12 -18 -213
5 8 -13 -18 -213 -13 -19 -214 -13 -18 -214 -12 -19 -213
5 8 -13 -19 -214 -13 -19 -216 -14 -18 -216 -12 -20 -216

5 8 -14 -16 -216 -14 -18 -216 -13 -18 -214 -14 -18 -220
5 8 -14 -18 -216 -13 -19 -216 -13 -19 -214 -13 -19 -220
5 8 -13 -19 -216 -12 -20 -216 -12 -19 -214 -12 -20 -220
5 8 -12 -20 -216 -10 -20 -216 -10 -20 -214 -10 -20 -220

5 8 -14 -16 -214 -13 -18 -214 -13 -18 -213 -14 -18 -216
5 8 -13 -18 -214 -13 -19 -214 -13 -18 -213 -13 -19 -216
5 8 -13 -19 -214 -12 -19 -214 -12 -19 -213 -12 -20 -216
5 8 -12 -19 -214 -10 -20 -214 -10 -19 -213 -10 -20 -216

5 8 -13 -18 -213 -12 -19 -213 -12 -18 -213 -13 -19 -214
5 8 -12 -19 -213 -10 -19 -213 -10 -18 -212 -10 -20 -214

5 8 -14 -16 -216 -14 -16 -214 -13 -18 -214 -14 -12 -214
5 8 -14 -16 -214 -13 -16 -213 -13 -18 -213 -13 -12 -213
5 8 -13 -16 -213 -12 -16 -212 -12 -18 -213 -12 -12 -212
5 8 -12 -16 -212 -10 -16 -212 -10 -18 -212 -10 -12 -212

5 8 -14 -18 -216 -13 -18 -214 -13 -19 -214 -14 -16 -214
5 8 -13 -18 -214 -13 -18 -213 -13 -19 -214 -13 -16 -213
5 8 -13 -18 -213 -12 -18 -213 -12 -19 -213 -12 -16 -212
5 8 -12 -18 -213 -10 -18 -212 -10 -19 -213 -10 -16 -212

5 8 -13 -19 -216 -13 -19 -214 -12 -19 -214 -13 -18 -214
5 8 -13 -19 -214 -12 -19 -213 -12 -19 -214 -13 -18 -213
0

0 Inlined: 1 14 -10 -16 -216 0 0 4 -4 0 0 0 4 0 1-8sphe.dat
0 Sphere 0.125
0 Name: 1-8sphe.dat
0 Author: James Jessiman
0 Original LDraw Primitive - 2000-02 Update

0 2000-Aug Axel Poque, Manfred Moolhuysen - fixes to resolve L3P error messages.

4 14 -10 -16 -212 -10 -18 -212 -8 -18 -213 -8 -16 -212
4 14 -10 -18 -212 -10 -19 -213 -8 -19 -213 -8 -18 -213
4 14 -10 -19 -213 -10 -20 -214 -8 -19 -214 -8 -19 -213
4 14 -10 -20 -214 -10 -20 -216 -8 -20 -216 -8 -19 -214

4 14 -8 -16 -212 -8 -18 -213 -7 -18 -213 -7 -16 -213
3 14 -8 -18 -213 -7 -18 -213 -8 -19 -213
3 14 -8 -19 -213 -7 -18 -213 -7 -19 -214
3 14 -8 -19 -213 -7 -19 -214 -8 -19 -214
4 14 -8 -20 -216 -8 -19 -214 -7 -19 -214 -7 -19 -216

4 14 -7 -16 -213 -7 -18 -213 -7 -18 -214 -6 -16 -214
3 14 -7 -18 -213 -7 -18 -214 -7 -19 -214
4 14 -7 -19 -216 -7 -19 -214 -7 -18 -214 -6 -18 -216

4 14 -6 -16 -214 -7 -18 -214 -6 -18 -216 -6 -16 -216

5 8 -10 -16 -212 -10 -18 -212 -8 -18 -213 -14 -18 -212
5 8 -10 -18 -212 -10 -19 -213 -8 -19 -213 -14 -19 -213
5 8 -10 -19 -213 -10 -20 -214 -8 -19 -214 -14 -20 -214
5 8 -10 -20 -214 -10 -20 -216 -8 -20 -216 -14 -20 -216

5 8 -8 -16 -212 -8 -18 -213 -7 -18 -213 -10 -18 -212
5 8 -8 -18 -213 -8 -19 -213 -7 -18 -213 -10 -19 -213
5 8 -8 -19 -213 -8 -19 -214 -7 -19 -214 -10 -20 -214
5 8 -8 -19 -214 -8 -20 -216 -7 -19 -216 -10 -20 -216

5 8 -7 -16 -213 -7 -18 -213 -7 -18 -214 -8 -18 -213
5 8 -7 -18 -213 -7 -19 -214 -7 -18 -214 -8 -19 -213
5 8 -7 -19 -214 -7 -19 -216 -6 -18 -216 -8 -20 -216

5 8 -6 -16 -216 -6 -18 -216 -7 -18 -214 -6 -18 -220
5 8 -6 -18 -216 -7 -19 -216 -7 -19 -214 -7 -19 -220
5 8 -7 -19 -216 -8 -20 -216 -8 -19 -214 -8 -20 -220
5 8 -8 -20 -216 -10 -20 -216 -10 -20 -214 -10 -20 -220

5 8 -6 -16 -214 -7 -18 -214 -7 -18 -213 -6 -18 -216
5 8 -7 -18 -214 -7 -19 -214 -7 -18 -213 -7 -19 -216
5 8 -7 -19 -214 -8 -19 -214 -8 -19 -213 -8 -20 -216
5 8 -8 -19 -214 -10 -20 -214 -10 -19 -213 -10 -20 -216

5 8 -7 -18 -213 -8 -19 -213 -8 -18 -213 -7 -19 -214
5 8 -8 -19 -213 -10 -19 -213 -10 -18 -212 -10 -20 -214

5 8 -6 -16 -216 -6 -16 -214 -7 -18 -214 -6 -12 -214
5 8 -6 -16 -214 -7 -16 -213 -7 -18 -213 -7 -12 -213
5 8 -7 -16 -213 -8 -16 -212 -8 -18 -213 -8 -12 -212
5 8 -8 -16 -212 -10 -16 -212 -10 -18 -212 -10 -12 -212

5 8 -6 -18 -216 -7 -18 -214 -7 -19 -214 -6 -16 -214
5 8 -7 -18 -214 -7 -18 -213 -7 -19 -214 -7 -16 -213
5 8 -7 -18 -213 -8 -18 -213 -8 -19 -213 -8 -16 -212
5 8 -8 -18 -213 -10 -18 -212 -10 -19 -213 -10 -16 -212

5 8 -7 -19 -216 -7 -19 -214 -8 -19 -214 -7 -18 -214
5 8 -7 -19 -214 -8 -19 -213 -8 -19 -214 -7 -18 -213
0

0 Inlined: 1 14 -10 -16 -216 0 0 -4 -4 0 0 0 -4 0 1-8sphe.dat
0 Sphere 0.125
0 Name: 1-8sphe.dat
0 Author: James Jessiman
0 Original LDraw Primitive - 2000-02 Update

0 2000-Aug Axel Poque, Manfred Moolhuysen - fixes to resolve L3P error messages.

4 14 -10 -16 -220 -10 -18 -220 -12 -18 -219 -12 -16 -220
4 14 -10 -18 -220 -10 -19 -219 -12 -19 -219 -12 -18 -219
4 14 -10 -19 -219 -10 -20 -218 -12 -19 -218 -12 -19 -219
4 14 -10 -20 -218 -10 -20 -216 -12 -20 -216 -12 -19 -218

4 14 -12 -16 -220 -12 -18 -219 -13 -18 -219 -13 -16 -219
3 14 -12 -18 -219 -13 -18 -219 -12 -19 -219
3 14 -12 -19 -219 -13 -18 -219 -13 -19 -218
3 14 -12 -19 -219 -13 -19 -218 -12 -19 -218
4 14 -12 -20 -216 -12 -19 -218 -13 -19 -218 -13 -19 -216

4 14 -13 -16 -219 -13 -18 -219 -13 -18 -218 -14 -16 -218
3 14 -13 -18 -219 -13 -18 -218 -13 -19 -218
4 14 -13 -19 -216 -13 -19 -218 -13 -18 -218 -14 -18 -216

4 14 -14 -16 -218 -13 -18 -218 -14 -18 -216 -14 -16 -216

5 8 -10 -16 -220 -10 -18 -220 -12 -18 -219 -6 -18 -220
5 8 -10 -18 -220 -10 -19 -219 -12 -19 -219 -6 -19 -219
5 8 -10 -19 -219 -10 -20 -218 -12 -19 -218 -6 -20 -218
5 8 -10 -20 -218 -10 -20 -216 -12 -20 -216 -6 -20 -216

5 8 -12 -16 -220 -12 -18 -219 -13 -18 -219 -10 -18 -220
5 8 -12 -18 -219 -12 -19 -219 -13 -18 -219 -10 -19 -219
5 8 -12 -19 -219 -12 -19 -218 -13 -19 -218 -10 -20 -218
5 8 -12 -19 -218 -12 -20 -216 -13 -19 -216 -10 -20 -216

5 8 -13 -16 -219 -13 -18 -219 -13 -18 -218 -12 -18 -219
5 8 -13 -18 -219 -13 -19 -218 -13 -18 -218 -12 -19 -219
5 8 -13 -19 -218 -13 -19 -216 -14 -18 -216 -12 -20 -216

5 8 -14 -16 -216 -14 -18 -216 -13 -18 -218 -14 -18 -212
5 8 -14 -18 -216 -13 -19 -216 -13 -19 -218 -13 -19 -212
5 8 -13 -19 -216 -12 -20 -216 -12 -19 -218 -12 -20 -212
5 8 -12 -20 -216 -10 -20 -216 -10 -20 -218 -10 -20 -212

5 8 -14 -16 -218 -13 -18 -218 -13 -18 -219 -14 -18 -216
5 8 -13 -18 -218 -13 -19 -218 -13 -18 -219 -13 -19 -216
5 8 -13 -19 -218 -12 -19 -218 -12 -19 -219 -12 -20 -216
5 8 -12 -19 -218 -10 -20 -218 -10 -19 -219 -10 -20 -216

5 8 -13 -18 -219 -12 -19 -219 -12 -18 -219 -13 -19 -218
5 8 -12 -19 -219 -10 -19 -219 -10 -18 -220 -10 -20 -218

5 8 -14 -16 -216 -14 -16 -218 -13 -18 -218 -14 -12 -218
5 8 -14 -16 -218 -13 -16 -219 -13 -18 -219 -13 -12 -219
5 8 -13 -16 -219 -12 -16 -220 -12 -18 -219 -12 -12 -220
5 8 -12 -16 -220 -10 -16 -220 -10 -18 -220 -10 -12 -220

5 8 -14 -18 -216 -13 -18 -218 -13 -19 -218 -14 -16 -218
5 8 -13 -18 -218 -13 -18 -219 -13 -19 -218 -13 -16 -219
5 8 -13 -18 -219 -12 -18 -219 -12 -19 -219 -12 -16 -220
5 8 -12 -18 -219 -10 -18 -220 -10 -19 -219 -10 -16 -220

5 8 -13 -19 -216 -13 -19 -218 -12 -19 -218 -13 -18 -218
5 8 -13 -19 -218 -12 -19 -219 -12 -19 -218 -13 -18 -219
0

0 Inlined: 1 14 -10 -16 -216 0 0 4 -4 0 0 0 -4 0 1-8sphe.dat
0 Sphere 0.125
0 Name: 1-8sphe.dat
0 Author: James Jessiman
0 Original LDraw Primitive - 2000-02 Update

0 2000-Aug Axel Poque, Manfred Moolhuysen - fixes to resolve L3P error messages.

4 14 -10 -16 -220 -10 -18 -220 -8 -18 -219 -8 -16 -220
4 14 -10 -18 -220 -10 -19 -219 -8 -19 -219 -8 -18 -219
4 14 -10 -19 -219 -10 -20 -218 -8 -19 -218 -8 -19 -219
4 14 -10 -20 -218 -10 -20 -216 -8 -20 -216 -8 -19 -218

4 14 -8 -16 -220 -8 -18 -219 -7 -18 -219 -7 -16 -219
3 14 -8 -18 -219 -7 -18 -219 -8 -19 -219
3 14 -8 -19 -219 -7 -18 -219 -7 -19 -218
3 14 -8 -19 -219 -7 -19 -218 -8 -19 -218
4 14 -8 -20 -216 -8 -19 -218 -7 -19 -218 -7 -19 -216

4 14 -7 -16 -219 -7 -18 -219 -7 -18 -218 -6 -16 -218
3 14 -7 -18 -219 -7 -18 -218 -7 -19 -218
4 14 -7 -19 -216 -7 -19 -218 -7 -18 -218 -6 -18 -216

4 14 -6 -16 -218 -7 -18 -218 -6 -18 -216 -6 -16 -216

5 8 -10 -16 -220 -10 -18 -220 -8 -18 -219 -14 -18 -220
5 8 -10 -18 -220 -10 -19 -219 -8 -19 -219 -14 -19 -219
5 8 -10 -19 -219 -10 -20 -218 -8 -19 -218 -14 -20 -218
5 8 -10 -20 -218 -10 -20 -216 -8 -20 -216 -14 -20 -216

5 8 -8 -16 -220 -8 -18 -219 -7 -18 -219 -10 -18 -220
5 8 -8 -18 -219 -8 -19 -219 -7 -18 -219 -10 -19 -219
5 8 -8 -19 -219 -8 -19 -218 -7 -19 -218 -10 -20 -218
5 8 -8 -19 -218 -8 -20 -216 -7 -19 -216 -10 -20 -216

5 8 -7 -16 -219 -7 -18 -219 -7 -18 -218 -8 -18 -219
5 8 -7 -18 -219 -7 -19 -218 -7 -18 -218 -8 -19 -219
5 8 -7 -19 -218 -7 -19 -216 -6 -18 -216 -8 -20 -216

5 8 -6 -16 -216 -6 -18 -216 -7 -18 -218 -6 -18 -212
5 8 -6 -18 -216 -7 -19 -216 -7 -19 -218 -7 -19 -212
5 8 -7 -19 -216 -8 -20 -216 -8 -19 -218 -8 -20 -212
5 8 -8 -20 -216 -10 -20 -216 -10 -20 -218 -10 -20 -212

5 8 -6 -16 -218 -7 -18 -218 -7 -18 -219 -6 -18 -216
5 8 -7 -18 -218 -7 -19 -218 -7 -18 -219 -7 -19 -216
5 8 -7 -19 -218 -8 -19 -218 -8 -19 -219 -8 -20 -216
5 8 -8 -19 -218 -10 -20 -218 -10 -19 -219 -10 -20 -216

5 8 -7 -18 -219 -8 -19 -219 -8 -18 -219 -7 -19 -218
5 8 -8 -19 -219 -10 -19 -219 -10 -18 -220 -10 -20 -218

5 8 -6 -16 -216 -6 -16 -218 -7 -18 -218 -6 -12 -218
5 8 -6 -16 -218 -7 -16 -219 -7 -18 -219 -7 -12 -219
5 8 -7 -16 -219 -8 -16 -220 -8 -18 -219 -8 -12 -220
5 8 -8 -16 -220 -10 -16 -220 -10 -18 -220 -10 -12 -220

5 8 -6 -18 -216 -7 -18 -218 -7 -19 -218 -6 -16 -218
5 8 -7 -18 -218 -7 -18 -219 -7 -19 -218 -7 -16 -219
5 8 -7 -18 -219 -8 -18 -219 -8 -19 -219 -8 -16 -220
5 8 -8 -18 -219 -10 -18 -220 -10 -19 -219 -10 -16 -220

5 8 -7 -19 -216 -7 -19 -218 -8 -19 -218 -7 -18 -218
5 8 -7 -19 -218 -8 -19 -219 -8 -19 -218 -7 -18 -219
0

0 Inlined: 1 14 -10 -16 -216 0 0 -4 4 0 0 0 4 0 1-8sphe.dat
0 Sphere 0.125
0 Name: 1-8sphe.dat
0 Author: James Jessiman
0 Original LDraw Primitive - 2000-02 Update

0 2000-Aug Axel Poque, Manfred Moolhuysen - fixes to resolve L3P error messages.

4 14 -10 -16 -212 -10 -14 -212 -12 -14 -213 -12 -16 -212
4 14 -10 -14 -212 -10 -13 -213 -12 -13 -213 -12 -14 -213
4 14 -10 -13 -213 -10 -12 -214 -12 -13 -214 -12 -13 -213
4 14 -10 -12 -214 -10 -12 -216 -12 -12 -216 -12 -13 -214

4 14 -12 -16 -212 -12 -14 -213 -13 -14 -213 -13 -16 -213
3 14 -12 -14 -213 -13 -14 -213 -12 -13 -213
3 14 -12 -13 -213 -13 -14 -213 -13 -13 -214
3 14 -12 -13 -213 -13 -13 -214 -12 -13 -214
4 14 -12 -12 -216 -12 -13 -214 -13 -13 -214 -13 -13 -216

4 14 -13 -16 -213 -13 -14 -213 -13 -14 -214 -14 -16 -214
3 14 -13 -14 -213 -13 -14 -214 -13 -13 -214
4 14 -13 -13 -216 -13 -13 -214 -13 -14 -214 -14 -14 -216

4 14 -14 -16 -214 -13 -14 -214 -14 -14 -216 -14 -16 -216

5 8 -10 -16 -212 -10 -14 -212 -12 -14 -213 -6 -14 -212
5 8 -10 -14 -212 -10 -13 -213 -12 -13 -213 -6 -13 -213
5 8 -10 -13 -213 -10 -12 -214 -12 -13 -214 -6 -12 -214
5 8 -10 -12 -214 -10 -12 -216 -12 -12 -216 -6 -12 -216

5 8 -12 -16 -212 -12 -14 -213 -13 -14 -213 -10 -14 -212
5 8 -12 -14 -213 -12 -13 -213 -13 -14 -213 -10 -13 -213
5 8 -12 -13 -213 -12 -13 -214 -13 -13 -214 -10 -12 -214
5 8 -12 -13 -214 -12 -12 -216 -13 -13 -216 -10 -12 -216

5 8 -13 -16 -213 -13 -14 -213 -13 -14 -214 -12 -14 -213
5 8 -13 -14 -213 -13 -13 -214 -13 -14 -214 -12 -13 -213
5 8 -13 -13 -214 -13 -13 -216 -14 -14 -216 -12 -12 -216

5 8 -14 -16 -216 -14 -14 -216 -13 -14 -214 -14 -14 -220
5 8 -14 -14 -216 -13 -13 -216 -13 -13 -214 -13 -13 -220
5 8 -13 -13 -216 -12 -12 -216 -12 -13 -214 -12 -12 -220
5 8 -12 -12 -216 -10 -12 -216 -10 -12 -214 -10 -12 -220

5 8 -14 -16 -214 -13 -14 -214 -13 -14 -213 -14 -14 -216
5 8 -13 -14 -214 -13 -13 -214 -13 -14 -213 -13 -13 -216
5 8 -13 -13 -214 -12 -13 -214 -12 -13 -213 -12 -12 -216
5 8 -12 -13 -214 -10 -12 -214 -10 -13 -213 -10 -12 -216

5 8 -13 -14 -213 -12 -13 -213 -12 -14 -213 -13 -13 -214
5 8 -12 -13 -213 -10 -13 -213 -10 -14 -212 -10 -12 -214

5 8 -14 -16 -216 -14 -16 -214 -13 -14 -214 -14 -20 -214
5 8 -14 -16 -214 -13 -16 -213 -13 -14 -213 -13 -20 -213
5 8 -13 -16 -213 -12 -16 -212 -12 -14 -213 -12 -20 -212
5 8 -12 -16 -212 -10 -16 -212 -10 -14 -212 -10 -20 -212

5 8 -14 -14 -216 -13 -14 -214 -13 -13 -214 -14 -16 -214
5 8 -13 -14 -214 -13 -14 -213 -13 -13 -214 -13 -16 -213
5 8 -13 -14 -213 -12 -14 -213 -12 -13 -213 -12 -16 -212
5 8 -12 -14 -213 -10 -14 -212 -10 -13 -213 -10 -16 -212

5 8 -13 -13 -216 -13 -13 -214 -12 -13 -214 -13 -14 -214
5 8 -13 -13 -214 -12 -13 -213 -12 -13 -214 -13 -14 -213
0

0 Inlined: 1 14 -10 -16 -216 0 0 4 4 0 0 0 4 0 1-8sphe.dat
0 Sphere 0.125
0 Name: 1-8sphe.dat
0 Author: James Jessiman
0 Original LDraw Primitive - 2000-02 Update

0 2000-Aug Axel Poque, Manfred Moolhuysen - fixes to resolve L3P error messages.

4 14 -10 -16 -212 -10 -14 -212 -8 -14 -213 -8 -16 -212
4 14 -10 -14 -212 -10 -13 -213 -8 -13 -213 -8 -14 -213
4 14 -10 -13 -213 -10 -12 -214 -8 -13 -214 -8 -13 -213
4 14 -10 -12 -214 -10 -12 -216 -8 -12 -216 -8 -13 -214

4 14 -8 -16 -212 -8 -14 -213 -7 -14 -213 -7 -16 -213
3 14 -8 -14 -213 -7 -14 -213 -8 -13 -213
3 14 -8 -13 -213 -7 -14 -213 -7 -13 -214
3 14 -8 -13 -213 -7 -13 -214 -8 -13 -214
4 14 -8 -12 -216 -8 -13 -214 -7 -13 -214 -7 -13 -216

4 14 -7 -16 -213 -7 -14 -213 -7 -14 -214 -6 -16 -214
3 14 -7 -14 -213 -7 -14 -214 -7 -13 -214
4 14 -7 -13 -216 -7 -13 -214 -7 -14 -214 -6 -14 -216

4 14 -6 -16 -214 -7 -14 -214 -6 -14 -216 -6 -16 -216

5 8 -10 -16 -212 -10 -14 -212 -8 -14 -213 -14 -14 -212
5 8 -10 -14 -212 -10 -13 -213 -8 -13 -213 -14 -13 -213
5 8 -10 -13 -213 -10 -12 -214 -8 -13 -214 -14 -12 -214
5 8 -10 -12 -214 -10 -12 -216 -8 -12 -216 -14 -12 -216

5 8 -8 -16 -212 -8 -14 -213 -7 -14 -213 -10 -14 -212
5 8 -8 -14 -213 -8 -13 -213 -7 -14 -213 -10 -13 -213
5 8 -8 -13 -213 -8 -13 -214 -7 -13 -214 -10 -12 -214
5 8 -8 -13 -214 -8 -12 -216 -7 -13 -216 -10 -12 -216

5 8 -7 -16 -213 -7 -14 -213 -7 -14 -214 -8 -14 -213
5 8 -7 -14 -213 -7 -13 -214 -7 -14 -214 -8 -13 -213
5 8 -7 -13 -214 -7 -13 -216 -6 -14 -216 -8 -12 -216

5 8 -6 -16 -216 -6 -14 -216 -7 -14 -214 -6 -14 -220
5 8 -6 -14 -216 -7 -13 -216 -7 -13 -214 -7 -13 -220
5 8 -7 -13 -216 -8 -12 -216 -8 -13 -214 -8 -12 -220
5 8 -8 -12 -216 -10 -12 -216 -10 -12 -214 -10 -12 -220

5 8 -6 -16 -214 -7 -14 -214 -7 -14 -213 -6 -14 -216
5 8 -7 -14 -214 -7 -13 -214 -7 -14 -213 -7 -13 -216
5 8 -7 -13 -214 -8 -13 -214 -8 -13 -213 -8 -12 -216
5 8 -8 -13 -214 -10 -12 -214 -10 -13 -213 -10 -12 -216

5 8 -7 -14 -213 -8 -13 -213 -8 -14 -213 -7 -13 -214
5 8 -8 -13 -213 -10 -13 -213 -10 -14 -212 -10 -12 -214

5 8 -6 -16 -216 -6 -16 -214 -7 -14 -214 -6 -20 -214
5 8 -6 -16 -214 -7 -16 -213 -7 -14 -213 -7 -20 -213
5 8 -7 -16 -213 -8 -16 -212 -8 -14 -213 -8 -20 -212
5 8 -8 -16 -212 -10 -16 -212 -10 -14 -212 -10 -20 -212

5 8 -6 -14 -216 -7 -14 -214 -7 -13 -214 -6 -16 -214
5 8 -7 -14 -214 -7 -14 -213 -7 -13 -214 -7 -16 -213
5 8 -7 -14 -213 -8 -14 -213 -8 -13 -213 -8 -16 -212
5 8 -8 -14 -213 -10 -14 -212 -10 -13 -213 -10 -16 -212

5 8 -7 -13 -216 -7 -13 -214 -8 -13 -214 -7 -14 -214
5 8 -7 -13 -214 -8 -13 -213 -8 -13 -214 -7 -14 -213
0

0 Inlined: 1 14 -10 -16 -216 0 0 -4 4 0 0 0 -4 0 1-8sphe.dat
0 Sphere 0.125
0 Name: 1-8sphe.dat
0 Author: James Jessiman
0 Original LDraw Primitive - 2000-02 Update

0 2000-Aug Axel Poque, Manfred Moolhuysen - fixes to resolve L3P error messages.

4 14 -10 -16 -220 -10 -14 -220 -12 -14 -219 -12 -16 -220
4 14 -10 -14 -220 -10 -13 -219 -12 -13 -219 -12 -14 -219
4 14 -10 -13 -219 -10 -12 -218 -12 -13 -218 -12 -13 -219
4 14 -10 -12 -218 -10 -12 -216 -12 -12 -216 -12 -13 -218

4 14 -12 -16 -220 -12 -14 -219 -13 -14 -219 -13 -16 -219
3 14 -12 -14 -219 -13 -14 -219 -12 -13 -219
3 14 -12 -13 -219 -13 -14 -219 -13 -13 -218
3 14 -12 -13 -219 -13 -13 -218 -12 -13 -218
4 14 -12 -12 -216 -12 -13 -218 -13 -13 -218 -13 -13 -216

4 14 -13 -16 -219 -13 -14 -219 -13 -14 -218 -14 -16 -218
3 14 -13 -14 -219 -13 -14 -218 -13 -13 -218
4 14 -13 -13 -216 -13 -13 -218 -13 -14 -218 -14 -14 -216

4 14 -14 -16 -218 -13 -14 -218 -14 -14 -216 -14 -16 -216

5 8 -10 -16 -220 -10 -14 -220 -12 -14 -219 -6 -14 -220
5 8 -10 -14 -220 -10 -13 -219 -12 -13 -219 -6 -13 -219
5 8 -10 -13 -219 -10 -12 -218 -12 -13 -218 -6 -12 -218
5 8 -10 -12 -218 -10 -12 -216 -12 -12 -216 -6 -12 -216

5 8 -12 -16 -220 -12 -14 -219 -13 -14 -219 -10 -14 -220
5 8 -12 -14 -219 -12 -13 -219 -13 -14 -219 -10 -13 -219
5 8 -12 -13 -219 -12 -13 -218 -13 -13 -218 -10 -12 -218
5 8 -12 -13 -218 -12 -12 -216 -13 -13 -216 -10 -12 -216

5 8 -13 -16 -219 -13 -14 -219 -13 -14 -218 -12 -14 -219
5 8 -13 -14 -219 -13 -13 -218 -13 -14 -218 -12 -13 -219
5 8 -13 -13 -218 -13 -13 -216 -14 -14 -216 -12 -12 -216

5 8 -14 -16 -216 -14 -14 -216 -13 -14 -218 -14 -14 -212
5 8 -14 -14 -216 -13 -13 -216 -13 -13 -218 -13 -13 -212
5 8 -13 -13 -216 -12 -12 -216 -12 -13 -218 -12 -12 -212
5 8 -12 -12 -216 -10 -12 -216 -10 -12 -218 -10 -12 -212

5 8 -14 -16 -218 -13 -14 -218 -13 -14 -219 -14 -14 -216
5 8 -13 -14 -218 -13 -13 -218 -13 -14 -219 -13 -13 -216
5 8 -13 -13 -218 -12 -13 -218 -12 -13 -219 -12 -12 -216
5 8 -12 -13 -218 -10 -12 -218 -10 -13 -219 -10 -12 -216

5 8 -13 -14 -219 -12 -13 -219 -12 -14 -219 -13 -13 -218
5 8 -12 -13 -219 -10 -13 -219 -10 -14 -220 -10 -12 -218

5 8 -14 -16 -216 -14 -16 -218 -13 -14 -218 -14 -20 -218
5 8 -14 -16 -218 -13 -16 -219 -13 -14 -219 -13 -20 -219
5 8 -13 -16 -219 -12 -16 -220 -12 -14 -219 -12 -20 -220
5 8 -12 -16 -220 -10 -16 -220 -10 -14 -220 -10 -20 -220

5 8 -14 -14 -216 -13 -14 -218 -13 -13 -218 -14 -16 -218
5 8 -13 -14 -218 -13 -14 -219 -13 -13 -218 -13 -16 -219
5 8 -13 -14 -219 -12 -14 -219 -12 -13 -219 -12 -16 -220
5 8 -12 -14 -219 -10 -14 -220 -10 -13 -219 -10 -16 -220

5 8 -13 -13 -216 -13 -13 -218 -12 -13 -218 -13 -14 -218
5 8 -13 -13 -218 -12 -13 -219 -12 -13 -218 -13 -14 -219
0

0 Inlined: 1 14 -10 -16 -216 0 0 4 4 0 0 0 -4 0 1-8sphe.dat
0 Sphere 0.125
0 Name: 1-8sphe.dat
0 Author: James Jessiman
0 Original LDraw Primitive - 2000-02 Update

0 2000-Aug Axel Poque, Manfred Moolhuysen - fixes to resolve L3P error messages.

4 14 -10 -16 -220 -10 -14 -220 -8 -14 -219 -8 -16 -220
4 14 -10 -14 -220 -10 -13 -219 -8 -13 -219 -8 -14 -219
4 14 -10 -13 -219 -10 -12 -218 -8 -13 -218 -8 -13 -219
4 14 -10 -12 -218 -10 -12 -216 -8 -12 -216 -8 -13 -218

4 14 -8 -16 -220 -8 -14 -219 -7 -14 -219 -7 -16 -219
3 14 -8 -14 -219 -7 -14 -219 -8 -13 -219
3 14 -8 -13 -219 -7 -14 -219 -7 -13 -218
3 14 -8 -13 -219 -7 -13 -218 -8 -13 -218
4 14 -8 -12 -216 -8 -13 -218 -7 -13 -218 -7 -13 -216

4 14 -7 -16 -219 -7 -14 -219 -7 -14 -218 -6 -16 -218
3 14 -7 -14 -219 -7 -14 -218 -7 -13 -218
4 14 -7 -13 -216 -7 -13 -218 -7 -14 -218 -6 -14 -216

4 14 -6 -16 -218 -7 -14 -218 -6 -14 -216 -6 -16 -216

5 8 -10 -16 -220 -10 -14 -220 -8 -14 -219 -14 -14 -220
5 8 -10 -14 -220 -10 -13 -219 -8 -13 -219 -14 -13 -219
5 8 -10 -13 -219 -10 -12 -218 -8 -13 -218 -14 -12 -218
5 8 -10 -12 -218 -10 -12 -216 -8 -12 -216 -14 -12 -216

5 8 -8 -16 -220 -8 -14 -219 -7 -14 -219 -10 -14 -220
5 8 -8 -14 -219 -8 -13 -219 -7 -14 -219 -10 -13 -219
5 8 -8 -13 -219 -8 -13 -218 -7 -13 -218 -10 -12 -218
5 8 -8 -13 -218 -8 -12 -216 -7 -13 -216 -10 -12 -216

5 8 -7 -16 -219 -7 -14 -219 -7 -14 -218 -8 -14 -219
5 8 -7 -14 -219 -7 -13 -218 -7 -14 -218 -8 -13 -219
5 8 -7 -13 -218 -7 -13 -216 -6 -14 -216 -8 -12 -216

5 8 -6 -16 -216 -6 -14 -216 -7 -14 -218 -6 -14 -212
5 8 -6 -14 -216 -7 -13 -216 -7 -13 -218 -7 -13 -212
5 8 -7 -13 -216 -8 -12 -216 -8 -13 -218 -8 -12 -212
5 8 -8 -12 -216 -10 -12 -216 -10 -12 -218 -10 -12 -212

5 8 -6 -16 -218 -7 -14 -218 -7 -14 -219 -6 -14 -216
5 8 -7 -14 -218 -7 -13 -218 -7 -14 -219 -7 -13 -216
5 8 -7 -13 -218 -8 -13 -218 -8 -13 -219 -8 -12 -216
5 8 -8 -13 -218 -10 -12 -218 -10 -13 -219 -10 -12 -216

5 8 -7 -14 -219 -8 -13 -219 -8 -14 -219 -7 -13 -218
5 8 -8 -13 -219 -10 -13 -219 -10 -14 -220 -10 -12 -218

5 8 -6 -16 -216 -6 -16 -218 -7 -14 -218 -6 -20 -218
5 8 -6 -16 -218 -7 -16 -219 -7 -14 -219 -7 -20 -219
5 8 -7 -16 -219 -8 -16 -220 -8 -14 -219 -8 -20 -220
5 8 -8 -16 -220 -10 -16 -220 -10 -14 -220 -10 -20 -220

5 8 -6 -14 -216 -7 -14 -218 -7 -13 -218 -6 -16 -218
5 8 -7 -14 -218 -7 -14 -219 -7 -13 -218 -7 -16 -219
5 8 -7 -14 -219 -8 -14 -219 -8 -13 -219 -8 -16 -220
5 8 -8 -14 -219 -10 -14 -220 -10 -13 -219 -10 -16 -220

5 8 -7 -13 -216 -7 -13 -218 -8 -13 -218 -7 -14 -218
5 8 -7 -13 -218 -8 -13 -219 -8 -13 -218 -7 -14 -219
0


0 Inlined: 1 14 -10 -16 -216 0 0 -2 -2 0 0 0 156 0 4-4cyli.dat
0 Official LCad update 98-10

4 14 -10 -18 -216 -11 -18 -216 -11 -18 -60 -10 -18 -60
5 8 -10 -18 -216 -10 -18 -60 -11 -18 -216 -9 -18 -216
4 14 -11 -18 -216 -11 -17 -216 -11 -17 -60 -11 -18 -60
5 8 -11 -18 -216 -11 -18 -60 -11 -17 -216 -10 -18 -216
4 14 -11 -17 -216 -12 -17 -216 -12 -17 -60 -11 -17 -60
5 8 -11 -17 -216 -11 -17 -60 -12 -17 -216 -11 -18 -216
4 14 -12 -17 -216 -12 -16 -216 -12 -16 -60 -12 -17 -60
5 8 -12 -17 -216 -12 -17 -60 -12 -16 -216 -11 -17 -216
4 14 -12 -16 -216 -12 -15 -216 -12 -15 -60 -12 -16 -60
5 8 -12 -16 -216 -12 -16 -60 -12 -15 -216 -12 -17 -216
4 14 -12 -15 -216 -11 -15 -216 -11 -15 -60 -12 -15 -60
5 8 -12 -15 -216 -12 -15 -60 -11 -15 -216 -12 -16 -216
4 14 -11 -15 -216 -11 -14 -216 -11 -14 -60 -11 -15 -60
5 8 -11 -15 -216 -11 -15 -60 -11 -14 -216 -12 -15 -216
4 14 -11 -14 -216 -10 -14 -216 -10 -14 -60 -11 -14 -60
5 8 -11 -14 -216 -11 -14 -60 -10 -14 -216 -11 -15 -216
4 14 -10 -14 -216 -9 -14 -216 -9 -14 -60 -10 -14 -60
5 8 -10 -14 -216 -10 -14 -60 -9 -14 -216 -11 -14 -216
4 14 -9 -14 -216 -9 -15 -216 -9 -15 -60 -9 -14 -60
5 8 -9 -14 -216 -9 -14 -60 -9 -15 -216 -10 -14 -216
4 14 -9 -15 -216 -8 -15 -216 -8 -15 -60 -9 -15 -60
5 8 -9 -15 -216 -9 -15 -60 -8 -15 -216 -9 -14 -216
4 14 -8 -15 -216 -8 -16 -216 -8 -16 -60 -8 -15 -60
5 8 -8 -15 -216 -8 -15 -60 -8 -16 -216 -9 -15 -216
4 14 -8 -16 -216 -8 -17 -216 -8 -17 -60 -8 -16 -60
5 8 -8 -16 -216 -8 -16 -60 -8 -17 -216 -8 -15 -216
4 14 -8 -17 -216 -9 -17 -216 -9 -17 -60 -8 -17 -60
5 8 -8 -17 -216 -8 -17 -60 -9 -17 -216 -8 -16 -216
4 14 -9 -17 -216 -9 -18 -216 -9 -18 -60 -9 -17 -60
5 8 -9 -17 -216 -9 -17 -60 -9 -18 -216 -8 -17 -216
4 14 -9 -18 -216 -10 -18 -216 -10 -18 -60 -9 -18 -60
5 8 -9 -18 -216 -9 -18 -60 -10 -18 -216 -9 -17 -216

0 Inlined: 1 14 -10 -16 -60 0 0 -4 -4 0 0 0 0 0 4-4disc.dat
0 Disc
0 Official LCad update 98-10

3 14 -10 -16 -60 -10 -20 -60 -12 -20 -60
3 14 -10 -16 -60 -12 -20 -60 -13 -19 -60
3 14 -10 -16 -60 -13 -19 -60 -14 -18 -60
3 14 -10 -16 -60 -14 -18 -60 -14 -16 -60
3 14 -10 -16 -60 -14 -16 -60 -14 -14 -60
3 14 -10 -16 -60 -14 -14 -60 -13 -13 -60
3 14 -10 -16 -60 -13 -13 -60 -12 -12 -60
3 14 -10 -16 -60 -12 -12 -60 -10 -12 -60
3 14 -10 -16 -60 -10 -12 -60 -8 -12 -60
3 14 -10 -16 -60 -8 -12 -60 -7 -13 -60
3 14 -10 -16 -60 -7 -13 -60 -6 -14 -60
3 14 -10 -16 -60 -6 -14 -60 -6 -16 -60
3 14 -10 -16 -60 -6 -16 -60 -6 -18 -60
3 14 -10 -16 -60 -6 -18 -60 -7 -19 -60
3 14 -10 -16 -60 -7 -19 -60 -8 -20 -60
3 14 -10 -16 -60 -8 -20 -60 -10 -20 -60

0 Inlined: 1 14 -10 -16 -60 0 0 -4 -4 0 0 0 24 0 4-4cyli.dat
0 Official LCad update 98-10

4 14 -10 -20 -60 -12 -20 -60 -12 -20 -36 -10 -20 -36
5 8 -10 -20 -60 -10 -20 -36 -12 -20 -60 -8 -20 -60
4 14 -12 -20 -60 -13 -19 -60 -13 -19 -36 -12 -20 -36
5 8 -12 -20 -60 -12 -20 -36 -13 -19 -60 -10 -20 -60
4 14 -13 -19 -60 -14 -18 -60 -14 -18 -36 -13 -19 -36
5 8 -13 -19 -60 -13 -19 -36 -14 -18 -60 -12 -20 -60
4 14 -14 -18 -60 -14 -16 -60 -14 -16 -36 -14 -18 -36
5 8 -14 -18 -60 -14 -18 -36 -14 -16 -60 -13 -19 -60
4 14 -14 -16 -60 -14 -14 -60 -14 -14 -36 -14 -16 -36
5 8 -14 -16 -60 -14 -16 -36 -14 -14 -60 -14 -18 -60
4 14 -14 -14 -60 -13 -13 -60 -13 -13 -36 -14 -14 -36
5 8 -14 -14 -60 -14 -14 -36 -13 -13 -60 -14 -16 -60
4 14 -13 -13 -60 -12 -12 -60 -12 -12 -36 -13 -13 -36
5 8 -13 -13 -60 -13 -13 -36 -12 -12 -60 -14 -14 -60
4 14 -12 -12 -60 -10 -12 -60 -10 -12 -36 -12 -12 -36
5 8 -12 -12 -60 -12 -12 -36 -10 -12 -60 -13 -13 -60
4 14 -10 -12 -60 -8 -12 -60 -8 -12 -36 -10 -12 -36
5 8 -10 -12 -60 -10 -12 -36 -8 -12 -60 -12 -12 -60
4 14 -8 -12 -60 -7 -13 -60 -7 -13 -36 -8 -12 -36
5 8 -8 -12 -60 -8 -12 -36 -7 -13 -60 -10 -12 -60
4 14 -7 -13 -60 -6 -14 -60 -6 -14 -36 -7 -13 -36
5 8 -7 -13 -60 -7 -13 -36 -6 -14 -60 -8 -12 -60
4 14 -6 -14 -60 -6 -16 -60 -6 -16 -36 -6 -14 -36
5 8 -6 -14 -60 -6 -14 -36 -6 -16 -60 -7 -13 -60
4 14 -6 -16 -60 -6 -18 -60 -6 -18 -36 -6 -16 -36
5 8 -6 -16 -60 -6 -16 -36 -6 -18 -60 -6 -14 -60
4 14 -6 -18 -60 -7 -19 -60 -7 -19 -36 -6 -18 -36
5 8 -6 -18 -60 -6 -18 -36 -7 -19 -60 -6 -16 -60
4 14 -7 -19 -60 -8 -20 -60 -8 -20 -36 -7 -19 -36
5 8 -7 -19 -60 -7 -19 -36 -8 -20 -60 -6 -18 -60
4 14 -8 -20 -60 -10 -20 -60 -10 -20 -36 -8 -20 -36
5 8 -8 -20 -60 -8 -20 -36 -10 -20 -60 -7 -19 -60

0 Inlined: 1 14 -10 -16 -36 0 0 -8 -8 0 0 0 0 0 4-4disc.dat
0 Disc
0 Official LCad update 98-10

3 14 -10 -16 -36 -10 -24 -36 -13 -23 -36
3 14 -10 -16 -36 -13 -23 -36 -16 -22 -36
3 14 -10 -16 -36 -16 -22 -36 -17 -19 -36
3 14 -10 -16 -36 -17 -19 -36 -18 -16 -36
3 14 -10 -16 -36 -18 -16 -36 -17 -13 -36
3 14 -10 -16 -36 -17 -13 -36 -16 -10 -36
3 14 -10 -16 -36 -16 -10 -36 -13 -9 -36
3 14 -10 -16 -36 -13 -9 -36 -10 -8 -36
3 14 -10 -16 -36 -10 -8 -36 -7 -9 -36
3 14 -10 -16 -36 -7 -9 -36 -4 -10 -36
3 14 -10 -16 -36 -4 -10 -36 -3 -13 -36
3 14 -10 -16 -36 -3 -13 -36 -2 -16 -36
3 14 -10 -16 -36 -2 -16 -36 -3 -19 -36
3 14 -10 -16 -36 -3 -19 -36 -4 -22 -36
3 14 -10 -16 -36 -4 -22 -36 -7 -23 -36
3 14 -10 -16 -36 -7 -23 -36 -10 -24 -36

0 Inlined: 1 14 -10 -16 -36 0 0 -8 -8 0 0 0 4 0 4-4cyli.dat
0 Official LCad update 98-10

4 14 -10 -24 -36 -13 -23 -36 -13 -23 -32 -10 -24 -32
5 8 -10 -24 -36 -10 -24 -32 -13 -23 -36 -7 -23 -36
4 14 -13 -23 -36 -16 -22 -36 -16 -22 -32 -13 -23 -32
5 8 -13 -23 -36 -13 -23 -32 -16 -22 -36 -10 -24 -36
4 14 -16 -22 -36 -17 -19 -36 -17 -19 -32 -16 -22 -32
5 8 -16 -22 -36 -16 -22 -32 -17 -19 -36 -13 -23 -36
4 14 -17 -19 -36 -18 -16 -36 -18 -16 -32 -17 -19 -32
5 8 -17 -19 -36 -17 -19 -32 -18 -16 -36 -16 -22 -36
4 14 -18 -16 -36 -17 -13 -36 -17 -13 -32 -18 -16 -32
5 8 -18 -16 -36 -18 -16 -32 -17 -13 -36 -17 -19 -36
4 14 -17 -13 -36 -16 -10 -36 -16 -10 -32 -17 -13 -32
5 8 -17 -13 -36 -17 -13 -32 -16 -10 -36 -18 -16 -36
4 14 -16 -10 -36 -13 -9 -36 -13 -9 -32 -16 -10 -32
5 8 -16 -10 -36 -16 -10 -32 -13 -9 -36 -17 -13 -36
4 14 -13 -9 -36 -10 -8 -36 -10 -8 -32 -13 -9 -32
5 8 -13 -9 -36 -13 -9 -32 -10 -8 -36 -16 -10 -36
4 14 -10 -8 -36 -7 -9 -36 -7 -9 -32 -10 -8 -32
5 8 -10 -8 -36 -10 -8 -32 -7 -9 -36 -13 -9 -36
4 14 -7 -9 -36 -4 -10 -36 -4 -10 -32 -7 -9 -32
5 8 -7 -9 -36 -7 -9 -32 -4 -10 -36 -10 -8 -36
4 14 -4 -10 -36 -3 -13 -36 -3 -13 -32 -4 -10 -32
5 8 -4 -10 -36 -4 -10 -32 -3 -13 -36 -7 -9 -36
4 14 -3 -13 -36 -2 -16 -36 -2 -16 -32 -3 -13 -32
5 8 -3 -13 -36 -3 -13 -32 -2 -16 -36 -4 -10 -36
4 14 -2 -16 -36 -3 -19 -36 -3 -19 -32 -2 -16 -32
5 8 -2 -16 -36 -2 -16 -32 -3 -19 -36 -3 -13 -36
4 14 -3 -19 -36 -4 -22 -36 -4 -22 -32 -3 -19 -32
5 8 -3 -19 -36 -3 -19 -32 -4 -22 -36 -2 -16 -36
4 14 -4 -22 -36 -7 -23 -36 -7 -23 -32 -4 -22 -32
5 8 -4 -22 -36 -4 -22 -32 -7 -23 -36 -3 -19 -36
4 14 -7 -23 -36 -10 -24 -36 -10 -24 -32 -7 -23 -32
5 8 -7 -23 -36 -7 -23 -32 -10 -24 -36 -4 -22 -36

0 Inlined: 1 14 -10 -16 -32 0 0 -6 -6 0 0 0 0 0 4-4disc.dat
0 Disc
0 Official LCad update 98-10

3 14 -10 -16 -32 -10 -22 -32 -12 -22 -32
3 14 -10 -16 -32 -12 -22 -32 -14 -20 -32
3 14 -10 -16 -32 -14 -20 -32 -16 -18 -32
3 14 -10 -16 -32 -16 -18 -32 -16 -16 -32
3 14 -10 -16 -32 -16 -16 -32 -16 -14 -32
3 14 -10 -16 -32 -16 -14 -32 -14 -12 -32
3 14 -10 -16 -32 -14 -12 -32 -12 -10 -32
3 14 -10 -16 -32 -12 -10 -32 -10 -10 -32
3 14 -10 -16 -32 -10 -10 -32 -8 -10 -32
3 14 -10 -16 -32 -8 -10 -32 -6 -12 -32
3 14 -10 -16 -32 -6 -12 -32 -4 -14 -32
3 14 -10 -16 -32 -4 -14 -32 -4 -16 -32
3 14 -10 -16 -32 -4 -16 -32 -4 -18 -32
3 14 -10 -16 -32 -4 -18 -32 -6 -20 -32
3 14 -10 -16 -32 -6 -20 -32 -8 -22 -32
3 14 -10 -16 -32 -8 -22 -32 -10 -22 -32

0

0
