0 Arapahoe ankle
0 arapankl.dat
0 Author: Ben Vaughan
0 Unofficial Model
0 ROTATION CENTER 0 -54.1735 60.1927 1 "Custom"
0 ROTATION CONFIG 1 1
0 Inlined: 1 7 0 -32 60 0 0 -1 0 1 0 1 0 0 2817.DAT
0 Plate  2 x  2 with Holes

2 8 -20 -24 80 -20 -24 40
2 8 -20 -24 40 -10 -24 40
2 8 -10 -24 40 -10 -22 40
2 8 10 -22 40 10 -24 40
2 8 10 -24 40 20 -24 40
2 8 20 -24 40 20 -24 80
2 8 20 -24 80 10 -24 80
2 8 10 -24 80 10 -22 80
2 8 -10 -22 80 -10 -24 80
2 8 -10 -24 80 -20 -24 80

2 8 -20 -32 80 -20 -32 40
2 8 -20 -32 40 20 -32 40
2 8 20 -32 40 20 -32 80
2 8 20 -32 80 -20 -32 80

2 8 -20 -32 80 -20 -24 80
2 8 -20 -32 40 -20 -24 40
2 8 20 -32 80 20 -24 80
2 8 20 -32 40 20 -24 40

2 8 -16 -24 76 -16 -24 44
2 8 -16 -24 44 -10 -24 44
2 8 10 -24 44 16 -24 44
2 8 16 -24 44 16 -24 76
2 8 16 -24 76 10 -24 76
2 8 -10 -24 76 -16 -24 76

2 8 -16 -28 76 -16 -28 44
2 8 -16 -28 44 -10 -28 44
2 8 -10 -28 44 -10 -24 44
2 8 -10 -24 44 -10 -24 40
2 8 10 -24 40 10 -24 44
2 8 10 -24 44 10 -28 44
2 8 10 -28 44 16 -28 44
2 8 16 -28 44 16 -28 76
2 8 16 -28 76 10 -28 76
2 8 10 -28 76 10 -24 76
2 8 10 -24 76 10 -24 80
2 8 -10 -24 80 -10 -24 76
2 8 -10 -24 76 -10 -28 76
2 8 -10 -28 76 -16 -28 76

2 8 -16 -28 76 -16 -24 76
2 8 -16 -28 44 -16 -24 44
2 8 16 -28 76 16 -24 76
2 8 16 -28 44 16 -24 44

2 8 -10 -28 76 -10 -28 62
2 8 -10 -28 62 10 -28 62
2 8 10 -28 62 10 -28 76
2 8 -10 -28 62 -10 -22 62
2 8 10 -28 62 10 -22 62

2 8 -10 -28 44 -10 -28 58
2 8 -10 -28 58 10 -28 58
2 8 10 -28 58 10 -28 44
2 8 -10 -28 58 -10 -22 58
2 8 10 -28 58 10 -22 58

0 Inlined: 1 7 0 -22 80 0 0 -1 1 0 0 0 -1 0 peghole.dat
0 Peg Hole End

0 Inlined: 1 7 0 -22 80 0 0 -8 8 0 0 0 0 0 4-4edge.dat
0 Official LCad update 98-10

2 8 0 -14 80 -3 -15 80
2 8 -3 -15 80 -6 -16 80
2 8 -6 -16 80 -7 -19 80
2 8 -7 -19 80 -8 -22 80
2 8 -8 -22 80 -7 -25 80
2 8 -7 -25 80 -6 -28 80
2 8 -6 -28 80 -3 -29 80
2 8 -3 -29 80 0 -30 80
2 8 0 -30 80 3 -29 80
2 8 3 -29 80 6 -28 80
2 8 6 -28 80 7 -25 80
2 8 7 -25 80 8 -22 80
2 8 8 -22 80 7 -19 80
2 8 7 -19 80 6 -16 80
2 8 6 -16 80 3 -15 80
2 8 3 -15 80 0 -14 80

0 Inlined: 1 7 0 -22 78 0 0 -8 8 0 0 0 0 0 4-4edge.dat
0 Official LCad update 98-10

2 8 0 -14 78 -3 -15 78
2 8 -3 -15 78 -6 -16 78
2 8 -6 -16 78 -7 -19 78
2 8 -7 -19 78 -8 -22 78
2 8 -8 -22 78 -7 -25 78
2 8 -7 -25 78 -6 -28 78
2 8 -6 -28 78 -3 -29 78
2 8 -3 -29 78 0 -30 78
2 8 0 -30 78 3 -29 78
2 8 3 -29 78 6 -28 78
2 8 6 -28 78 7 -25 78
2 8 7 -25 78 8 -22 78
2 8 8 -22 78 7 -19 78
2 8 7 -19 78 6 -16 78
2 8 6 -16 78 3 -15 78
2 8 3 -15 78 0 -14 78

0 Inlined: 1 7 0 -22 78 0 0 -6 6 0 0 0 0 0 4-4edge.dat
0 Official LCad update 98-10

2 8 0 -16 78 -2 -16 78
2 8 -2 -16 78 -4 -18 78
2 8 -4 -18 78 -6 -20 78
2 8 -6 -20 78 -6 -22 78
2 8 -6 -22 78 -6 -24 78
2 8 -6 -24 78 -4 -26 78
2 8 -4 -26 78 -2 -28 78
2 8 -2 -28 78 0 -28 78
2 8 0 -28 78 2 -28 78
2 8 2 -28 78 4 -26 78
2 8 4 -26 78 6 -24 78
2 8 6 -24 78 6 -22 78
2 8 6 -22 78 6 -20 78
2 8 6 -20 78 4 -18 78
2 8 4 -18 78 2 -16 78
2 8 2 -16 78 0 -16 78

0 Inlined: 1 7 0 -22 80 0 0 -8 8 0 0 0 -2 0 4-4cyli.dat
0 Official LCad update 98-10

4 7 0 -14 80 -3 -15 80 -3 -15 78 0 -14 78
5 8 0 -14 80 0 -14 78 -3 -15 80 3 -15 80
4 7 -3 -15 80 -6 -16 80 -6 -16 78 -3 -15 78
5 8 -3 -15 80 -3 -15 78 -6 -16 80 0 -14 80
4 7 -6 -16 80 -7 -19 80 -7 -19 78 -6 -16 78
5 8 -6 -16 80 -6 -16 78 -7 -19 80 -3 -15 80
4 7 -7 -19 80 -8 -22 80 -8 -22 78 -7 -19 78
5 8 -7 -19 80 -7 -19 78 -8 -22 80 -6 -16 80
4 7 -8 -22 80 -7 -25 80 -7 -25 78 -8 -22 78
5 8 -8 -22 80 -8 -22 78 -7 -25 80 -7 -19 80
4 7 -7 -25 80 -6 -28 80 -6 -28 78 -7 -25 78
5 8 -7 -25 80 -7 -25 78 -6 -28 80 -8 -22 80
4 7 -6 -28 80 -3 -29 80 -3 -29 78 -6 -28 78
5 8 -6 -28 80 -6 -28 78 -3 -29 80 -7 -25 80
4 7 -3 -29 80 0 -30 80 0 -30 78 -3 -29 78
5 8 -3 -29 80 -3 -29 78 0 -30 80 -6 -28 80
4 7 0 -30 80 3 -29 80 3 -29 78 0 -30 78
5 8 0 -30 80 0 -30 78 3 -29 80 -3 -29 80
4 7 3 -29 80 6 -28 80 6 -28 78 3 -29 78
5 8 3 -29 80 3 -29 78 6 -28 80 0 -30 80
4 7 6 -28 80 7 -25 80 7 -25 78 6 -28 78
5 8 6 -28 80 6 -28 78 7 -25 80 3 -29 80
4 7 7 -25 80 8 -22 80 8 -22 78 7 -25 78
5 8 7 -25 80 7 -25 78 8 -22 80 6 -28 80
4 7 8 -22 80 7 -19 80 7 -19 78 8 -22 78
5 8 8 -22 80 8 -22 78 7 -19 80 7 -25 80
4 7 7 -19 80 6 -16 80 6 -16 78 7 -19 78
5 8 7 -19 80 7 -19 78 6 -16 80 8 -22 80
4 7 6 -16 80 3 -15 80 3 -15 78 6 -16 78
5 8 6 -16 80 6 -16 78 3 -15 80 7 -19 80
4 7 3 -15 80 0 -14 80 0 -14 78 3 -15 78
5 8 3 -15 80 3 -15 78 0 -14 80 6 -16 80


4 7 -6 -22 78 -6 -24 78 -7 -25 78 -8 -22 78
4 7 -6 -24 78 -4 -26 78 -6 -28 78 -7 -25 78
4 7 -4 -26 78 -2 -28 78 -3 -29 78 -6 -28 78
4 7 -2 -28 78 0 -28 78 0 -30 78 -3 -29 78
4 7 0 -28 78 2 -28 78 3 -29 78 0 -30 78
4 7 2 -28 78 4 -26 78 6 -28 78 3 -29 78
4 7 4 -26 78 6 -24 78 7 -25 78 6 -28 78
4 7 6 -24 78 6 -22 78 8 -22 78 7 -25 78
4 7 6 -22 78 6 -20 78 7 -19 78 8 -22 78
4 7 6 -20 78 4 -18 78 6 -16 78 7 -19 78
4 7 4 -18 78 2 -16 78 3 -15 78 6 -16 78
4 7 2 -16 78 0 -16 78 0 -14 78 3 -15 78
4 7 0 -16 78 -2 -16 78 -3 -15 78 0 -14 78
4 7 -2 -16 78 -4 -18 78 -6 -16 78 -3 -15 78
4 7 -4 -18 78 -6 -20 78 -7 -19 78 -6 -16 78
4 7 -6 -20 78 -6 -22 78 -8 -22 78 -7 -19 78

0 Inlined: 1 7 0 -22 62 0 0 -6 6 0 0 0 0 0 4-4edge.dat
0 Official LCad update 98-10

2 8 0 -16 62 -2 -16 62
2 8 -2 -16 62 -4 -18 62
2 8 -4 -18 62 -6 -20 62
2 8 -6 -20 62 -6 -22 62
2 8 -6 -22 62 -6 -24 62
2 8 -6 -24 62 -4 -26 62
2 8 -4 -26 62 -2 -28 62
2 8 -2 -28 62 0 -28 62
2 8 0 -28 62 2 -28 62
2 8 2 -28 62 4 -26 62
2 8 4 -26 62 6 -24 62
2 8 6 -24 62 6 -22 62
2 8 6 -22 62 6 -20 62
2 8 6 -20 62 4 -18 62
2 8 4 -18 62 2 -16 62
2 8 2 -16 62 0 -16 62

0 Inlined: 1 7 0 -22 58 0 0 -6 6 0 0 0 0 0 4-4edge.dat
0 Official LCad update 98-10

2 8 0 -16 58 -2 -16 58
2 8 -2 -16 58 -4 -18 58
2 8 -4 -18 58 -6 -20 58
2 8 -6 -20 58 -6 -22 58
2 8 -6 -22 58 -6 -24 58
2 8 -6 -24 58 -4 -26 58
2 8 -4 -26 58 -2 -28 58
2 8 -2 -28 58 0 -28 58
2 8 0 -28 58 2 -28 58
2 8 2 -28 58 4 -26 58
2 8 4 -26 58 6 -24 58
2 8 6 -24 58 6 -22 58
2 8 6 -22 58 6 -20 58
2 8 6 -20 58 4 -18 58
2 8 4 -18 58 2 -16 58
2 8 2 -16 58 0 -16 58

0 Inlined: 1 7 0 -22 40 0 0 -1 1 0 0 0 1 0 peghole.dat
0 Peg Hole End

0 Inlined: 1 7 0 -22 40 0 0 -8 8 0 0 0 0 0 4-4edge.dat
0 Official LCad update 98-10

2 8 0 -14 40 -3 -15 40
2 8 -3 -15 40 -6 -16 40
2 8 -6 -16 40 -7 -19 40
2 8 -7 -19 40 -8 -22 40
2 8 -8 -22 40 -7 -25 40
2 8 -7 -25 40 -6 -28 40
2 8 -6 -28 40 -3 -29 40
2 8 -3 -29 40 0 -30 40
2 8 0 -30 40 3 -29 40
2 8 3 -29 40 6 -28 40
2 8 6 -28 40 7 -25 40
2 8 7 -25 40 8 -22 40
2 8 8 -22 40 7 -19 40
2 8 7 -19 40 6 -16 40
2 8 6 -16 40 3 -15 40
2 8 3 -15 40 0 -14 40

0 Inlined: 1 7 0 -22 42 0 0 -8 8 0 0 0 0 0 4-4edge.dat
0 Official LCad update 98-10

2 8 0 -14 42 -3 -15 42
2 8 -3 -15 42 -6 -16 42
2 8 -6 -16 42 -7 -19 42
2 8 -7 -19 42 -8 -22 42
2 8 -8 -22 42 -7 -25 42
2 8 -7 -25 42 -6 -28 42
2 8 -6 -28 42 -3 -29 42
2 8 -3 -29 42 0 -30 42
2 8 0 -30 42 3 -29 42
2 8 3 -29 42 6 -28 42
2 8 6 -28 42 7 -25 42
2 8 7 -25 42 8 -22 42
2 8 8 -22 42 7 -19 42
2 8 7 -19 42 6 -16 42
2 8 6 -16 42 3 -15 42
2 8 3 -15 42 0 -14 42

0 Inlined: 1 7 0 -22 42 0 0 -6 6 0 0 0 0 0 4-4edge.dat
0 Official LCad update 98-10

2 8 0 -16 42 -2 -16 42
2 8 -2 -16 42 -4 -18 42
2 8 -4 -18 42 -6 -20 42
2 8 -6 -20 42 -6 -22 42
2 8 -6 -22 42 -6 -24 42
2 8 -6 -24 42 -4 -26 42
2 8 -4 -26 42 -2 -28 42
2 8 -2 -28 42 0 -28 42
2 8 0 -28 42 2 -28 42
2 8 2 -28 42 4 -26 42
2 8 4 -26 42 6 -24 42
2 8 6 -24 42 6 -22 42
2 8 6 -22 42 6 -20 42
2 8 6 -20 42 4 -18 42
2 8 4 -18 42 2 -16 42
2 8 2 -16 42 0 -16 42

0 Inlined: 1 7 0 -22 40 0 0 -8 8 0 0 0 2 0 4-4cyli.dat
0 Official LCad update 98-10

4 7 0 -14 40 -3 -15 40 -3 -15 42 0 -14 42
5 8 0 -14 40 0 -14 42 -3 -15 40 3 -15 40
4 7 -3 -15 40 -6 -16 40 -6 -16 42 -3 -15 42
5 8 -3 -15 40 -3 -15 42 -6 -16 40 0 -14 40
4 7 -6 -16 40 -7 -19 40 -7 -19 42 -6 -16 42
5 8 -6 -16 40 -6 -16 42 -7 -19 40 -3 -15 40
4 7 -7 -19 40 -8 -22 40 -8 -22 42 -7 -19 42
5 8 -7 -19 40 -7 -19 42 -8 -22 40 -6 -16 40
4 7 -8 -22 40 -7 -25 40 -7 -25 42 -8 -22 42
5 8 -8 -22 40 -8 -22 42 -7 -25 40 -7 -19 40
4 7 -7 -25 40 -6 -28 40 -6 -28 42 -7 -25 42
5 8 -7 -25 40 -7 -25 42 -6 -28 40 -8 -22 40
4 7 -6 -28 40 -3 -29 40 -3 -29 42 -6 -28 42
5 8 -6 -28 40 -6 -28 42 -3 -29 40 -7 -25 40
4 7 -3 -29 40 0 -30 40 0 -30 42 -3 -29 42
5 8 -3 -29 40 -3 -29 42 0 -30 40 -6 -28 40
4 7 0 -30 40 3 -29 40 3 -29 42 0 -30 42
5 8 0 -30 40 0 -30 42 3 -29 40 -3 -29 40
4 7 3 -29 40 6 -28 40 6 -28 42 3 -29 42
5 8 3 -29 40 3 -29 42 6 -28 40 0 -30 40
4 7 6 -28 40 7 -25 40 7 -25 42 6 -28 42
5 8 6 -28 40 6 -28 42 7 -25 40 3 -29 40
4 7 7 -25 40 8 -22 40 8 -22 42 7 -25 42
5 8 7 -25 40 7 -25 42 8 -22 40 6 -28 40
4 7 8 -22 40 7 -19 40 7 -19 42 8 -22 42
5 8 8 -22 40 8 -22 42 7 -19 40 7 -25 40
4 7 7 -19 40 6 -16 40 6 -16 42 7 -19 42
5 8 7 -19 40 7 -19 42 6 -16 40 8 -22 40
4 7 6 -16 40 3 -15 40 3 -15 42 6 -16 42
5 8 6 -16 40 6 -16 42 3 -15 40 7 -19 40
4 7 3 -15 40 0 -14 40 0 -14 42 3 -15 42
5 8 3 -15 40 3 -15 42 0 -14 40 6 -16 40


4 7 -6 -22 42 -6 -24 42 -7 -25 42 -8 -22 42
4 7 -6 -24 42 -4 -26 42 -6 -28 42 -7 -25 42
4 7 -4 -26 42 -2 -28 42 -3 -29 42 -6 -28 42
4 7 -2 -28 42 0 -28 42 0 -30 42 -3 -29 42
4 7 0 -28 42 2 -28 42 3 -29 42 0 -30 42
4 7 2 -28 42 4 -26 42 6 -28 42 3 -29 42
4 7 4 -26 42 6 -24 42 7 -25 42 6 -28 42
4 7 6 -24 42 6 -22 42 8 -22 42 7 -25 42
4 7 6 -22 42 6 -20 42 7 -19 42 8 -22 42
4 7 6 -20 42 4 -18 42 6 -16 42 7 -19 42
4 7 4 -18 42 2 -16 42 3 -15 42 6 -16 42
4 7 2 -16 42 0 -16 42 0 -14 42 3 -15 42
4 7 0 -16 42 -2 -16 42 -3 -15 42 0 -14 42
4 7 -2 -16 42 -4 -18 42 -6 -16 42 -3 -15 42
4 7 -4 -18 42 -6 -20 42 -7 -19 42 -6 -16 42
4 7 -6 -20 42 -6 -22 42 -8 -22 42 -7 -19 42

0 Inlined: 1 7 0 -22 80 -10 0 0 0 0 10 0 0 0 2-4edge.dat
2 8 -10 -22 80 -9 -18 80
2 8 -9 -18 80 -7 -15 80
2 8 -7 -15 80 -4 -13 80
2 8 -4 -13 80 0 -12 80
2 8 0 -12 80 4 -13 80
2 8 4 -13 80 7 -15 80
2 8 7 -15 80 9 -18 80
2 8 9 -18 80 10 -22 80

0 Inlined: 1 7 0 -22 62 -10 0 0 0 0 10 0 0 0 2-4edge.dat
2 8 -10 -22 62 -9 -18 62
2 8 -9 -18 62 -7 -15 62
2 8 -7 -15 62 -4 -13 62
2 8 -4 -13 62 0 -12 62
2 8 0 -12 62 4 -13 62
2 8 4 -13 62 7 -15 62
2 8 7 -15 62 9 -18 62
2 8 9 -18 62 10 -22 62

0 Inlined: 1 7 0 -22 58 -10 0 0 0 0 10 0 0 0 2-4edge.dat
2 8 -10 -22 58 -9 -18 58
2 8 -9 -18 58 -7 -15 58
2 8 -7 -15 58 -4 -13 58
2 8 -4 -13 58 0 -12 58
2 8 0 -12 58 4 -13 58
2 8 4 -13 58 7 -15 58
2 8 7 -15 58 9 -18 58
2 8 9 -18 58 10 -22 58

0 Inlined: 1 7 0 -22 40 -10 0 0 0 0 10 0 0 0 2-4edge.dat
2 8 -10 -22 40 -9 -18 40
2 8 -9 -18 40 -7 -15 40
2 8 -7 -15 40 -4 -13 40
2 8 -4 -13 40 0 -12 40
2 8 0 -12 40 4 -13 40
2 8 4 -13 40 7 -15 40
2 8 7 -15 40 9 -18 40
2 8 9 -18 40 10 -22 40


0 Inlined: 1 7 0 -22 80 -8 0 0 0 0 -8 0 0 0 2-4ndis.dat
0 Not Disc

3 7 -8 -30 80 -8 -22 80 -7 -25 80
3 7 -8 -30 80 -7 -25 80 -6 -28 80
3 7 -8 -30 80 -6 -28 80 -3 -29 80
3 7 -8 -30 80 -3 -29 80 0 -30 80
3 7 8 -30 80 0 -30 80 3 -29 80
3 7 8 -30 80 3 -29 80 6 -28 80
3 7 8 -30 80 6 -28 80 7 -25 80
3 7 8 -30 80 7 -25 80 8 -22 80

0 Inlined: 1 7 0 -22 62 -6 0 0 0 0 -6 0 0 0 2-4ndis.dat
0 Not Disc

3 7 -6 -28 62 -6 -22 62 -6 -24 62
3 7 -6 -28 62 -6 -24 62 -4 -26 62
3 7 -6 -28 62 -4 -26 62 -2 -28 62
3 7 -6 -28 62 -2 -28 62 0 -28 62
3 7 6 -28 62 0 -28 62 2 -28 62
3 7 6 -28 62 2 -28 62 4 -26 62
3 7 6 -28 62 4 -26 62 6 -24 62
3 7 6 -28 62 6 -24 62 6 -22 62

0 Inlined: 1 7 0 -22 58 -6 0 0 0 0 -6 0 0 0 2-4ndis.dat
0 Not Disc

3 7 -6 -28 58 -6 -22 58 -6 -24 58
3 7 -6 -28 58 -6 -24 58 -4 -26 58
3 7 -6 -28 58 -4 -26 58 -2 -28 58
3 7 -6 -28 58 -2 -28 58 0 -28 58
3 7 6 -28 58 0 -28 58 2 -28 58
3 7 6 -28 58 2 -28 58 4 -26 58
3 7 6 -28 58 4 -26 58 6 -24 58
3 7 6 -28 58 6 -24 58 6 -22 58

0 Inlined: 1 7 0 -22 40 -8 0 0 0 0 -8 0 0 0 2-4ndis.dat
0 Not Disc

3 7 -8 -30 40 -8 -22 40 -7 -25 40
3 7 -8 -30 40 -7 -25 40 -6 -28 40
3 7 -8 -30 40 -6 -28 40 -3 -29 40
3 7 -8 -30 40 -3 -29 40 0 -30 40
3 7 8 -30 40 0 -30 40 3 -29 40
3 7 8 -30 40 3 -29 40 6 -28 40
3 7 8 -30 40 6 -28 40 7 -25 40
3 7 8 -30 40 7 -25 40 8 -22 40

0 Inlined: 1 7 0 -22 78 0 0 -6 6 0 0 0 -16 0 4-4cyli.dat
0 Official LCad update 98-10

4 7 0 -16 78 -2 -16 78 -2 -16 62 0 -16 62
5 8 0 -16 78 0 -16 62 -2 -16 78 2 -16 78
4 7 -2 -16 78 -4 -18 78 -4 -18 62 -2 -16 62
5 8 -2 -16 78 -2 -16 62 -4 -18 78 0 -16 78
4 7 -4 -18 78 -6 -20 78 -6 -20 62 -4 -18 62
5 8 -4 -18 78 -4 -18 62 -6 -20 78 -2 -16 78
4 7 -6 -20 78 -6 -22 78 -6 -22 62 -6 -20 62
5 8 -6 -20 78 -6 -20 62 -6 -22 78 -4 -18 78
4 7 -6 -22 78 -6 -24 78 -6 -24 62 -6 -22 62
5 8 -6 -22 78 -6 -22 62 -6 -24 78 -6 -20 78
4 7 -6 -24 78 -4 -26 78 -4 -26 62 -6 -24 62
5 8 -6 -24 78 -6 -24 62 -4 -26 78 -6 -22 78
4 7 -4 -26 78 -2 -28 78 -2 -28 62 -4 -26 62
5 8 -4 -26 78 -4 -26 62 -2 -28 78 -6 -24 78
4 7 -2 -28 78 0 -28 78 0 -28 62 -2 -28 62
5 8 -2 -28 78 -2 -28 62 0 -28 78 -4 -26 78
4 7 0 -28 78 2 -28 78 2 -28 62 0 -28 62
5 8 0 -28 78 0 -28 62 2 -28 78 -2 -28 78
4 7 2 -28 78 4 -26 78 4 -26 62 2 -28 62
5 8 2 -28 78 2 -28 62 4 -26 78 0 -28 78
4 7 4 -26 78 6 -24 78 6 -24 62 4 -26 62
5 8 4 -26 78 4 -26 62 6 -24 78 2 -28 78
4 7 6 -24 78 6 -22 78 6 -22 62 6 -24 62
5 8 6 -24 78 6 -24 62 6 -22 78 4 -26 78
4 7 6 -22 78 6 -20 78 6 -20 62 6 -22 62
5 8 6 -22 78 6 -22 62 6 -20 78 6 -24 78
4 7 6 -20 78 4 -18 78 4 -18 62 6 -20 62
5 8 6 -20 78 6 -20 62 4 -18 78 6 -22 78
4 7 4 -18 78 2 -16 78 2 -16 62 4 -18 62
5 8 4 -18 78 4 -18 62 2 -16 78 6 -20 78
4 7 2 -16 78 0 -16 78 0 -16 62 2 -16 62
5 8 2 -16 78 2 -16 62 0 -16 78 4 -18 78

0 Inlined: 1 7 0 -22 42 0 0 -6 6 0 0 0 16 0 4-4cyli.dat
0 Official LCad update 98-10

4 7 0 -16 42 -2 -16 42 -2 -16 58 0 -16 58
5 8 0 -16 42 0 -16 58 -2 -16 42 2 -16 42
4 7 -2 -16 42 -4 -18 42 -4 -18 58 -2 -16 58
5 8 -2 -16 42 -2 -16 58 -4 -18 42 0 -16 42
4 7 -4 -18 42 -6 -20 42 -6 -20 58 -4 -18 58
5 8 -4 -18 42 -4 -18 58 -6 -20 42 -2 -16 42
4 7 -6 -20 42 -6 -22 42 -6 -22 58 -6 -20 58
5 8 -6 -20 42 -6 -20 58 -6 -22 42 -4 -18 42
4 7 -6 -22 42 -6 -24 42 -6 -24 58 -6 -22 58
5 8 -6 -22 42 -6 -22 58 -6 -24 42 -6 -20 42
4 7 -6 -24 42 -4 -26 42 -4 -26 58 -6 -24 58
5 8 -6 -24 42 -6 -24 58 -4 -26 42 -6 -22 42
4 7 -4 -26 42 -2 -28 42 -2 -28 58 -4 -26 58
5 8 -4 -26 42 -4 -26 58 -2 -28 42 -6 -24 42
4 7 -2 -28 42 0 -28 42 0 -28 58 -2 -28 58
5 8 -2 -28 42 -2 -28 58 0 -28 42 -4 -26 42
4 7 0 -28 42 2 -28 42 2 -28 58 0 -28 58
5 8 0 -28 42 0 -28 58 2 -28 42 -2 -28 42
4 7 2 -28 42 4 -26 42 4 -26 58 2 -28 58
5 8 2 -28 42 2 -28 58 4 -26 42 0 -28 42
4 7 4 -26 42 6 -24 42 6 -24 58 4 -26 58
5 8 4 -26 42 4 -26 58 6 -24 42 2 -28 42
4 7 6 -24 42 6 -22 42 6 -22 58 6 -24 58
5 8 6 -24 42 6 -24 58 6 -22 42 4 -26 42
4 7 6 -22 42 6 -20 42 6 -20 58 6 -22 58
5 8 6 -22 42 6 -22 58 6 -20 42 6 -24 42
4 7 6 -20 42 4 -18 42 4 -18 58 6 -20 58
5 8 6 -20 42 6 -20 58 4 -18 42 6 -22 42
4 7 4 -18 42 2 -16 42 2 -16 58 4 -18 58
5 8 4 -18 42 4 -18 58 2 -16 42 6 -20 42
4 7 2 -16 42 0 -16 42 0 -16 58 2 -16 58
5 8 2 -16 42 2 -16 58 0 -16 42 4 -18 42

0 Inlined: 1 7 0 -22 80 -10 0 0 0 0 10 0 -18 0 2-4cyli.dat
4 7 -10 -22 80 -9 -18 80 -9 -18 62 -10 -22 62
5 8 -10 -22 80 -10 -22 62 -9 -18 80 -9 -26 80
4 7 -9 -18 80 -7 -15 80 -7 -15 62 -9 -18 62
5 8 -9 -18 80 -9 -18 62 -7 -15 80 -10 -22 80
4 7 -7 -15 80 -4 -13 80 -4 -13 62 -7 -15 62
5 8 -7 -15 80 -7 -15 62 -4 -13 80 -9 -18 80
4 7 -4 -13 80 0 -12 80 0 -12 62 -4 -13 62
5 8 -4 -13 80 -4 -13 62 0 -12 80 -7 -15 80
4 7 0 -12 80 4 -13 80 4 -13 62 0 -12 62
5 8 0 -12 80 0 -12 62 4 -13 80 -4 -13 80
4 7 4 -13 80 7 -15 80 7 -15 62 4 -13 62
5 8 4 -13 80 4 -13 62 7 -15 80 0 -12 80
4 7 7 -15 80 9 -18 80 9 -18 62 7 -15 62
5 8 7 -15 80 7 -15 62 9 -18 80 4 -13 80
4 7 9 -18 80 10 -22 80 10 -22 62 9 -18 62
5 8 9 -18 80 9 -18 62 10 -22 80 7 -15 80

0 Inlined: 1 7 0 -22 40 -10 0 0 0 0 10 0 18 0 2-4cyli.dat
4 7 -10 -22 40 -9 -18 40 -9 -18 58 -10 -22 58
5 8 -10 -22 40 -10 -22 58 -9 -18 40 -9 -26 40
4 7 -9 -18 40 -7 -15 40 -7 -15 58 -9 -18 58
5 8 -9 -18 40 -9 -18 58 -7 -15 40 -10 -22 40
4 7 -7 -15 40 -4 -13 40 -4 -13 58 -7 -15 58
5 8 -7 -15 40 -7 -15 58 -4 -13 40 -9 -18 40
4 7 -4 -13 40 0 -12 40 0 -12 58 -4 -13 58
5 8 -4 -13 40 -4 -13 58 0 -12 40 -7 -15 40
4 7 0 -12 40 4 -13 40 4 -13 58 0 -12 58
5 8 0 -12 40 0 -12 58 4 -13 40 -4 -13 40
4 7 4 -13 40 7 -15 40 7 -15 58 4 -13 58
5 8 4 -13 40 4 -13 58 7 -15 40 0 -12 40
4 7 7 -15 40 9 -18 40 9 -18 58 7 -15 58
5 8 7 -15 40 7 -15 58 9 -18 40 4 -13 40
4 7 9 -18 40 10 -22 40 10 -22 58 9 -18 58
5 8 9 -18 40 9 -18 58 10 -22 40 7 -15 40


4 7 -10 -24 80 -10 -24 76 -16 -24 76 -20 -24 80
4 7 -20 -24 80 -16 -24 76 -16 -24 44 -20 -24 40
4 7 -20 -24 40 -16 -24 44 -10 -24 44 -10 -24 40
4 7 10 -24 40 10 -24 44 16 -24 44 20 -24 40
4 7 20 -24 40 16 -24 44 16 -24 76 20 -24 80
4 7 20 -24 80 16 -24 76 10 -24 76 10 -24 80

4 7 -16 -28 76 -10 -28 76 -10 -28 44 -16 -28 44
4 7 16 -28 76 10 -28 76 10 -28 44 16 -28 44
4 7 -10 -28 62 -10 -28 58 10 -28 58 10 -28 62

4 7 -20 -32 80 -20 -32 40 20 -32 40 20 -32 80

4 7 -10 -22 80 -8 -22 80 -8 -24 80 -10 -24 80
4 7 10 -22 80 8 -22 80 8 -24 80 10 -24 80
4 7 -20 -24 80 -20 -32 80 -8 -30 80 -8 -24 80
4 7 20 -24 80 20 -32 80 8 -30 80 8 -24 80
4 7 -20 -32 80 -8 -30 80 8 -30 80 20 -32 80

4 7 -16 -24 76 -16 -28 76 -10 -28 76 -10 -24 76
4 7 16 -24 76 16 -28 76 10 -28 76 10 -24 76

4 7 -10 -22 62 -10 -28 62 -6 -28 62 -6 -22 62
4 7 10 -22 62 10 -28 62 6 -28 62 6 -22 62

4 7 -10 -22 58 -10 -28 58 -6 -28 58 -6 -22 58
4 7 10 -22 58 10 -28 58 6 -28 58 6 -22 58

4 7 -16 -24 44 -16 -28 44 -10 -28 44 -10 -24 44
4 7 16 -24 44 16 -28 44 10 -28 44 10 -24 44

4 7 -10 -22 40 -8 -22 40 -8 -24 40 -10 -24 40
4 7 10 -22 40 8 -22 40 8 -24 40 10 -24 40
4 7 -20 -24 40 -20 -32 40 -8 -30 40 -8 -24 40
4 7 20 -24 40 20 -32 40 8 -30 40 8 -24 40
4 7 -20 -32 40 -8 -30 40 8 -30 40 20 -32 40

4 7 -20 -24 80 -20 -32 80 -20 -32 40 -20 -24 40

4 7 -16 -24 76 -16 -28 76 -16 -28 44 -16 -24 44

4 7 -10 -22 80 -10 -24 80 -10 -24 76 -10 -22 62
4 7 -10 -24 76 -10 -28 76 -10 -28 62 -10 -22 62
4 7 -10 -22 40 -10 -24 40 -10 -24 44 -10 -22 58
4 7 -10 -24 44 -10 -28 44 -10 -28 58 -10 -22 58

4 7 10 -22 80 10 -24 80 10 -24 76 10 -22 62
4 7 10 -24 76 10 -28 76 10 -28 62 10 -22 62
4 7 10 -22 40 10 -24 40 10 -24 44 10 -22 58
4 7 10 -24 44 10 -28 44 10 -28 58 10 -22 58

4 7 16 -24 76 16 -28 76 16 -28 44 16 -24 44

4 7 20 -24 80 20 -32 80 20 -32 40 20 -24 40

4 7 8 -22 80 7 -19 80 9 -18 80 10 -22 80
4 7 6 -22 62 6 -20 62 9 -18 62 10 -22 62
4 7 6 -22 58 6 -20 58 9 -18 58 10 -22 58
4 7 8 -22 40 7 -19 40 9 -18 40 10 -22 40
4 7 7 -19 80 6 -16 80 7 -15 80 9 -18 80
4 7 6 -20 62 4 -18 62 7 -15 62 9 -18 62
4 7 6 -20 58 4 -18 58 7 -15 58 9 -18 58
4 7 7 -19 40 6 -16 40 7 -15 40 9 -18 40
4 7 6 -16 80 3 -15 80 4 -13 80 7 -15 80
4 7 4 -18 62 2 -16 62 4 -13 62 7 -15 62
4 7 4 -18 58 2 -16 58 4 -13 58 7 -15 58
4 7 6 -16 40 3 -15 40 4 -13 40 7 -15 40
4 7 3 -15 80 0 -14 80 0 -12 80 4 -13 80
4 7 2 -16 62 0 -16 62 0 -12 62 4 -13 62
4 7 2 -16 58 0 -16 58 0 -12 58 4 -13 58
4 7 3 -15 40 0 -14 40 0 -12 40 4 -13 40
4 7 0 -14 80 -3 -15 80 -4 -13 80 0 -12 80
4 7 0 -16 62 -2 -16 62 -4 -13 62 0 -12 62
4 7 0 -16 58 -2 -16 58 -4 -13 58 0 -12 58
4 7 0 -14 40 -3 -15 40 -4 -13 40 0 -12 40
4 7 -3 -15 80 -6 -16 80 -7 -15 80 -4 -13 80
4 7 -2 -16 62 -4 -18 62 -7 -15 62 -4 -13 62
4 7 -2 -16 58 -4 -18 58 -7 -15 58 -4 -13 58
4 7 -3 -15 40 -6 -16 40 -7 -15 40 -4 -13 40
4 7 -6 -16 80 -7 -19 80 -9 -18 80 -7 -15 80
4 7 -4 -18 62 -6 -20 62 -9 -18 62 -7 -15 62
4 7 -4 -18 58 -6 -20 58 -9 -18 58 -7 -15 58
4 7 -6 -16 40 -7 -19 40 -9 -18 40 -7 -15 40
4 7 -7 -19 80 -8 -22 80 -10 -22 80 -9 -18 80
4 7 -6 -20 62 -6 -22 62 -10 -22 62 -9 -18 62
4 7 -6 -20 58 -6 -22 58 -10 -22 58 -9 -18 58
4 7 -7 -19 40 -8 -22 40 -10 -22 40 -9 -18 40

0 Inlined: 1 7 -10 -32 70 0 0 -1 0 1 0 1 0 0 stud2.dat
0 Stud 2
0 Name: stud2.dat
0 Author: Chris Dee
0 Official LCad update 99-05

0 Inlined: 1 7 -10 -32 70 0 0 -4 0 0 0 4 0 0 4-4edge.dat
0 Official LCad update 98-10

2 8 -10 -32 74 -12 -32 74
2 8 -12 -32 74 -13 -32 73
2 8 -13 -32 73 -14 -32 72
2 8 -14 -32 72 -14 -32 70
2 8 -14 -32 70 -14 -32 68
2 8 -14 -32 68 -13 -32 67
2 8 -13 -32 67 -12 -32 66
2 8 -12 -32 66 -10 -32 66
2 8 -10 -32 66 -8 -32 66
2 8 -8 -32 66 -7 -32 67
2 8 -7 -32 67 -6 -32 68
2 8 -6 -32 68 -6 -32 70
2 8 -6 -32 70 -6 -32 72
2 8 -6 -32 72 -7 -32 73
2 8 -7 -32 73 -8 -32 74
2 8 -8 -32 74 -10 -32 74

0 Inlined: 1 7 -10 -32 70 0 0 -6 0 0 0 6 0 0 4-4edge.dat
0 Official LCad update 98-10

2 8 -10 -32 76 -12 -32 76
2 8 -12 -32 76 -14 -32 74
2 8 -14 -32 74 -16 -32 72
2 8 -16 -32 72 -16 -32 70
2 8 -16 -32 70 -16 -32 68
2 8 -16 -32 68 -14 -32 66
2 8 -14 -32 66 -12 -32 64
2 8 -12 -32 64 -10 -32 64
2 8 -10 -32 64 -8 -32 64
2 8 -8 -32 64 -6 -32 66
2 8 -6 -32 66 -4 -32 68
2 8 -4 -32 68 -4 -32 70
2 8 -4 -32 70 -4 -32 72
2 8 -4 -32 72 -6 -32 74
2 8 -6 -32 74 -8 -32 76
2 8 -8 -32 76 -10 -32 76

0 Inlined: 1 7 -10 -36 70 0 0 -4 0 0 0 4 0 0 4-4edge.dat
0 Official LCad update 98-10

2 8 -10 -36 74 -12 -36 74
2 8 -12 -36 74 -13 -36 73
2 8 -13 -36 73 -14 -36 72
2 8 -14 -36 72 -14 -36 70
2 8 -14 -36 70 -14 -36 68
2 8 -14 -36 68 -13 -36 67
2 8 -13 -36 67 -12 -36 66
2 8 -12 -36 66 -10 -36 66
2 8 -10 -36 66 -8 -36 66
2 8 -8 -36 66 -7 -36 67
2 8 -7 -36 67 -6 -36 68
2 8 -6 -36 68 -6 -36 70
2 8 -6 -36 70 -6 -36 72
2 8 -6 -36 72 -7 -36 73
2 8 -7 -36 73 -8 -36 74
2 8 -8 -36 74 -10 -36 74

0 Inlined: 1 7 -10 -36 70 0 0 -6 0 0 0 6 0 0 4-4edge.dat
0 Official LCad update 98-10

2 8 -10 -36 76 -12 -36 76
2 8 -12 -36 76 -14 -36 74
2 8 -14 -36 74 -16 -36 72
2 8 -16 -36 72 -16 -36 70
2 8 -16 -36 70 -16 -36 68
2 8 -16 -36 68 -14 -36 66
2 8 -14 -36 66 -12 -36 64
2 8 -12 -36 64 -10 -36 64
2 8 -10 -36 64 -8 -36 64
2 8 -8 -36 64 -6 -36 66
2 8 -6 -36 66 -4 -36 68
2 8 -4 -36 68 -4 -36 70
2 8 -4 -36 70 -4 -36 72
2 8 -4 -36 72 -6 -36 74
2 8 -6 -36 74 -8 -36 76
2 8 -8 -36 76 -10 -36 76


0 Inlined: 1 7 -10 -36 70 0 0 -4 0 4 0 4 0 0 4-4cyli.dat
0 Official LCad update 98-10

4 7 -10 -36 74 -12 -36 74 -12 -32 74 -10 -32 74
5 8 -10 -36 74 -10 -32 74 -12 -36 74 -8 -36 74
4 7 -12 -36 74 -13 -36 73 -13 -32 73 -12 -32 74
5 8 -12 -36 74 -12 -32 74 -13 -36 73 -10 -36 74
4 7 -13 -36 73 -14 -36 72 -14 -32 72 -13 -32 73
5 8 -13 -36 73 -13 -32 73 -14 -36 72 -12 -36 74
4 7 -14 -36 72 -14 -36 70 -14 -32 70 -14 -32 72
5 8 -14 -36 72 -14 -32 72 -14 -36 70 -13 -36 73
4 7 -14 -36 70 -14 -36 68 -14 -32 68 -14 -32 70
5 8 -14 -36 70 -14 -32 70 -14 -36 68 -14 -36 72
4 7 -14 -36 68 -13 -36 67 -13 -32 67 -14 -32 68
5 8 -14 -36 68 -14 -32 68 -13 -36 67 -14 -36 70
4 7 -13 -36 67 -12 -36 66 -12 -32 66 -13 -32 67
5 8 -13 -36 67 -13 -32 67 -12 -36 66 -14 -36 68
4 7 -12 -36 66 -10 -36 66 -10 -32 66 -12 -32 66
5 8 -12 -36 66 -12 -32 66 -10 -36 66 -13 -36 67
4 7 -10 -36 66 -8 -36 66 -8 -32 66 -10 -32 66
5 8 -10 -36 66 -10 -32 66 -8 -36 66 -12 -36 66
4 7 -8 -36 66 -7 -36 67 -7 -32 67 -8 -32 66
5 8 -8 -36 66 -8 -32 66 -7 -36 67 -10 -36 66
4 7 -7 -36 67 -6 -36 68 -6 -32 68 -7 -32 67
5 8 -7 -36 67 -7 -32 67 -6 -36 68 -8 -36 66
4 7 -6 -36 68 -6 -36 70 -6 -32 70 -6 -32 68
5 8 -6 -36 68 -6 -32 68 -6 -36 70 -7 -36 67
4 7 -6 -36 70 -6 -36 72 -6 -32 72 -6 -32 70
5 8 -6 -36 70 -6 -32 70 -6 -36 72 -6 -36 68
4 7 -6 -36 72 -7 -36 73 -7 -32 73 -6 -32 72
5 8 -6 -36 72 -6 -32 72 -7 -36 73 -6 -36 70
4 7 -7 -36 73 -8 -36 74 -8 -32 74 -7 -32 73
5 8 -7 -36 73 -7 -32 73 -8 -36 74 -6 -36 72
4 7 -8 -36 74 -10 -36 74 -10 -32 74 -8 -32 74
5 8 -8 -36 74 -8 -32 74 -10 -36 74 -7 -36 73

0 Inlined: 1 7 -10 -36 70 0 0 -6 0 4 0 6 0 0 4-4cyli.dat
0 Official LCad update 98-10

4 7 -10 -36 76 -12 -36 76 -12 -32 76 -10 -32 76
5 8 -10 -36 76 -10 -32 76 -12 -36 76 -8 -36 76
4 7 -12 -36 76 -14 -36 74 -14 -32 74 -12 -32 76
5 8 -12 -36 76 -12 -32 76 -14 -36 74 -10 -36 76
4 7 -14 -36 74 -16 -36 72 -16 -32 72 -14 -32 74
5 8 -14 -36 74 -14 -32 74 -16 -36 72 -12 -36 76
4 7 -16 -36 72 -16 -36 70 -16 -32 70 -16 -32 72
5 8 -16 -36 72 -16 -32 72 -16 -36 70 -14 -36 74
4 7 -16 -36 70 -16 -36 68 -16 -32 68 -16 -32 70
5 8 -16 -36 70 -16 -32 70 -16 -36 68 -16 -36 72
4 7 -16 -36 68 -14 -36 66 -14 -32 66 -16 -32 68
5 8 -16 -36 68 -16 -32 68 -14 -36 66 -16 -36 70
4 7 -14 -36 66 -12 -36 64 -12 -32 64 -14 -32 66
5 8 -14 -36 66 -14 -32 66 -12 -36 64 -16 -36 68
4 7 -12 -36 64 -10 -36 64 -10 -32 64 -12 -32 64
5 8 -12 -36 64 -12 -32 64 -10 -36 64 -14 -36 66
4 7 -10 -36 64 -8 -36 64 -8 -32 64 -10 -32 64
5 8 -10 -36 64 -10 -32 64 -8 -36 64 -12 -36 64
4 7 -8 -36 64 -6 -36 66 -6 -32 66 -8 -32 64
5 8 -8 -36 64 -8 -32 64 -6 -36 66 -10 -36 64
4 7 -6 -36 66 -4 -36 68 -4 -32 68 -6 -32 66
5 8 -6 -36 66 -6 -32 66 -4 -36 68 -8 -36 64
4 7 -4 -36 68 -4 -36 70 -4 -32 70 -4 -32 68
5 8 -4 -36 68 -4 -32 68 -4 -36 70 -6 -36 66
4 7 -4 -36 70 -4 -36 72 -4 -32 72 -4 -32 70
5 8 -4 -36 70 -4 -32 70 -4 -36 72 -4 -36 68
4 7 -4 -36 72 -6 -36 74 -6 -32 74 -4 -32 72
5 8 -4 -36 72 -4 -32 72 -6 -36 74 -4 -36 70
4 7 -6 -36 74 -8 -36 76 -8 -32 76 -6 -32 74
5 8 -6 -36 74 -6 -32 74 -8 -36 76 -4 -36 72
4 7 -8 -36 76 -10 -36 76 -10 -32 76 -8 -32 76
5 8 -8 -36 76 -8 -32 76 -10 -36 76 -6 -36 74

0 Inlined: 1 7 -10 -36 70 0 0 -2 0 0 0 2 0 0 ring2.dat
0 Official LCad update 98-10

4 7 -14 -36 70 -14 -36 68 -16 -36 68 -16 -36 70
4 7 -14 -36 68 -13 -36 67 -14 -36 66 -16 -36 68
4 7 -13 -36 67 -12 -36 66 -12 -36 64 -14 -36 66
4 7 -12 -36 66 -10 -36 66 -10 -36 64 -12 -36 64
4 7 -10 -36 66 -8 -36 66 -8 -36 64 -10 -36 64
4 7 -8 -36 66 -7 -36 67 -6 -36 66 -8 -36 64
4 7 -7 -36 67 -6 -36 68 -4 -36 68 -6 -36 66
4 7 -6 -36 68 -6 -36 70 -4 -36 70 -4 -36 68
4 7 -6 -36 70 -6 -36 72 -4 -36 72 -4 -36 70
4 7 -6 -36 72 -7 -36 73 -6 -36 74 -4 -36 72
4 7 -7 -36 73 -8 -36 74 -8 -36 76 -6 -36 74
4 7 -8 -36 74 -10 -36 74 -10 -36 76 -8 -36 76
4 7 -10 -36 74 -12 -36 74 -12 -36 76 -10 -36 76
4 7 -12 -36 74 -13 -36 73 -14 -36 74 -12 -36 76
4 7 -13 -36 73 -14 -36 72 -16 -36 72 -14 -36 74
4 7 -14 -36 72 -14 -36 70 -16 -36 70 -16 -36 72

0

0 Inlined: 1 7 -10 -32 50 0 0 -1 0 1 0 1 0 0 stud2.dat
0 Stud 2
0 Name: stud2.dat
0 Author: Chris Dee
0 Official LCad update 99-05

0 Inlined: 1 7 -10 -32 50 0 0 -4 0 0 0 4 0 0 4-4edge.dat
0 Official LCad update 98-10

2 8 -10 -32 54 -12 -32 54
2 8 -12 -32 54 -13 -32 53
2 8 -13 -32 53 -14 -32 52
2 8 -14 -32 52 -14 -32 50
2 8 -14 -32 50 -14 -32 48
2 8 -14 -32 48 -13 -32 47
2 8 -13 -32 47 -12 -32 46
2 8 -12 -32 46 -10 -32 46
2 8 -10 -32 46 -8 -32 46
2 8 -8 -32 46 -7 -32 47
2 8 -7 -32 47 -6 -32 48
2 8 -6 -32 48 -6 -32 50
2 8 -6 -32 50 -6 -32 52
2 8 -6 -32 52 -7 -32 53
2 8 -7 -32 53 -8 -32 54
2 8 -8 -32 54 -10 -32 54

0 Inlined: 1 7 -10 -32 50 0 0 -6 0 0 0 6 0 0 4-4edge.dat
0 Official LCad update 98-10

2 8 -10 -32 56 -12 -32 56
2 8 -12 -32 56 -14 -32 54
2 8 -14 -32 54 -16 -32 52
2 8 -16 -32 52 -16 -32 50
2 8 -16 -32 50 -16 -32 48
2 8 -16 -32 48 -14 -32 46
2 8 -14 -32 46 -12 -32 44
2 8 -12 -32 44 -10 -32 44
2 8 -10 -32 44 -8 -32 44
2 8 -8 -32 44 -6 -32 46
2 8 -6 -32 46 -4 -32 48
2 8 -4 -32 48 -4 -32 50
2 8 -4 -32 50 -4 -32 52
2 8 -4 -32 52 -6 -32 54
2 8 -6 -32 54 -8 -32 56
2 8 -8 -32 56 -10 -32 56

0 Inlined: 1 7 -10 -36 50 0 0 -4 0 0 0 4 0 0 4-4edge.dat
0 Official LCad update 98-10

2 8 -10 -36 54 -12 -36 54
2 8 -12 -36 54 -13 -36 53
2 8 -13 -36 53 -14 -36 52
2 8 -14 -36 52 -14 -36 50
2 8 -14 -36 50 -14 -36 48
2 8 -14 -36 48 -13 -36 47
2 8 -13 -36 47 -12 -36 46
2 8 -12 -36 46 -10 -36 46
2 8 -10 -36 46 -8 -36 46
2 8 -8 -36 46 -7 -36 47
2 8 -7 -36 47 -6 -36 48
2 8 -6 -36 48 -6 -36 50
2 8 -6 -36 50 -6 -36 52
2 8 -6 -36 52 -7 -36 53
2 8 -7 -36 53 -8 -36 54
2 8 -8 -36 54 -10 -36 54

0 Inlined: 1 7 -10 -36 50 0 0 -6 0 0 0 6 0 0 4-4edge.dat
0 Official LCad update 98-10

2 8 -10 -36 56 -12 -36 56
2 8 -12 -36 56 -14 -36 54
2 8 -14 -36 54 -16 -36 52
2 8 -16 -36 52 -16 -36 50
2 8 -16 -36 50 -16 -36 48
2 8 -16 -36 48 -14 -36 46
2 8 -14 -36 46 -12 -36 44
2 8 -12 -36 44 -10 -36 44
2 8 -10 -36 44 -8 -36 44
2 8 -8 -36 44 -6 -36 46
2 8 -6 -36 46 -4 -36 48
2 8 -4 -36 48 -4 -36 50
2 8 -4 -36 50 -4 -36 52
2 8 -4 -36 52 -6 -36 54
2 8 -6 -36 54 -8 -36 56
2 8 -8 -36 56 -10 -36 56


0 Inlined: 1 7 -10 -36 50 0 0 -4 0 4 0 4 0 0 4-4cyli.dat
0 Official LCad update 98-10

4 7 -10 -36 54 -12 -36 54 -12 -32 54 -10 -32 54
5 8 -10 -36 54 -10 -32 54 -12 -36 54 -8 -36 54
4 7 -12 -36 54 -13 -36 53 -13 -32 53 -12 -32 54
5 8 -12 -36 54 -12 -32 54 -13 -36 53 -10 -36 54
4 7 -13 -36 53 -14 -36 52 -14 -32 52 -13 -32 53
5 8 -13 -36 53 -13 -32 53 -14 -36 52 -12 -36 54
4 7 -14 -36 52 -14 -36 50 -14 -32 50 -14 -32 52
5 8 -14 -36 52 -14 -32 52 -14 -36 50 -13 -36 53
4 7 -14 -36 50 -14 -36 48 -14 -32 48 -14 -32 50
5 8 -14 -36 50 -14 -32 50 -14 -36 48 -14 -36 52
4 7 -14 -36 48 -13 -36 47 -13 -32 47 -14 -32 48
5 8 -14 -36 48 -14 -32 48 -13 -36 47 -14 -36 50
4 7 -13 -36 47 -12 -36 46 -12 -32 46 -13 -32 47
5 8 -13 -36 47 -13 -32 47 -12 -36 46 -14 -36 48
4 7 -12 -36 46 -10 -36 46 -10 -32 46 -12 -32 46
5 8 -12 -36 46 -12 -32 46 -10 -36 46 -13 -36 47
4 7 -10 -36 46 -8 -36 46 -8 -32 46 -10 -32 46
5 8 -10 -36 46 -10 -32 46 -8 -36 46 -12 -36 46
4 7 -8 -36 46 -7 -36 47 -7 -32 47 -8 -32 46
5 8 -8 -36 46 -8 -32 46 -7 -36 47 -10 -36 46
4 7 -7 -36 47 -6 -36 48 -6 -32 48 -7 -32 47
5 8 -7 -36 47 -7 -32 47 -6 -36 48 -8 -36 46
4 7 -6 -36 48 -6 -36 50 -6 -32 50 -6 -32 48
5 8 -6 -36 48 -6 -32 48 -6 -36 50 -7 -36 47
4 7 -6 -36 50 -6 -36 52 -6 -32 52 -6 -32 50
5 8 -6 -36 50 -6 -32 50 -6 -36 52 -6 -36 48
4 7 -6 -36 52 -7 -36 53 -7 -32 53 -6 -32 52
5 8 -6 -36 52 -6 -32 52 -7 -36 53 -6 -36 50
4 7 -7 -36 53 -8 -36 54 -8 -32 54 -7 -32 53
5 8 -7 -36 53 -7 -32 53 -8 -36 54 -6 -36 52
4 7 -8 -36 54 -10 -36 54 -10 -32 54 -8 -32 54
5 8 -8 -36 54 -8 -32 54 -10 -36 54 -7 -36 53

0 Inlined: 1 7 -10 -36 50 0 0 -6 0 4 0 6 0 0 4-4cyli.dat
0 Official LCad update 98-10

4 7 -10 -36 56 -12 -36 56 -12 -32 56 -10 -32 56
5 8 -10 -36 56 -10 -32 56 -12 -36 56 -8 -36 56
4 7 -12 -36 56 -14 -36 54 -14 -32 54 -12 -32 56
5 8 -12 -36 56 -12 -32 56 -14 -36 54 -10 -36 56
4 7 -14 -36 54 -16 -36 52 -16 -32 52 -14 -32 54
5 8 -14 -36 54 -14 -32 54 -16 -36 52 -12 -36 56
4 7 -16 -36 52 -16 -36 50 -16 -32 50 -16 -32 52
5 8 -16 -36 52 -16 -32 52 -16 -36 50 -14 -36 54
4 7 -16 -36 50 -16 -36 48 -16 -32 48 -16 -32 50
5 8 -16 -36 50 -16 -32 50 -16 -36 48 -16 -36 52
4 7 -16 -36 48 -14 -36 46 -14 -32 46 -16 -32 48
5 8 -16 -36 48 -16 -32 48 -14 -36 46 -16 -36 50
4 7 -14 -36 46 -12 -36 44 -12 -32 44 -14 -32 46
5 8 -14 -36 46 -14 -32 46 -12 -36 44 -16 -36 48
4 7 -12 -36 44 -10 -36 44 -10 -32 44 -12 -32 44
5 8 -12 -36 44 -12 -32 44 -10 -36 44 -14 -36 46
4 7 -10 -36 44 -8 -36 44 -8 -32 44 -10 -32 44
5 8 -10 -36 44 -10 -32 44 -8 -36 44 -12 -36 44
4 7 -8 -36 44 -6 -36 46 -6 -32 46 -8 -32 44
5 8 -8 -36 44 -8 -32 44 -6 -36 46 -10 -36 44
4 7 -6 -36 46 -4 -36 48 -4 -32 48 -6 -32 46
5 8 -6 -36 46 -6 -32 46 -4 -36 48 -8 -36 44
4 7 -4 -36 48 -4 -36 50 -4 -32 50 -4 -32 48
5 8 -4 -36 48 -4 -32 48 -4 -36 50 -6 -36 46
4 7 -4 -36 50 -4 -36 52 -4 -32 52 -4 -32 50
5 8 -4 -36 50 -4 -32 50 -4 -36 52 -4 -36 48
4 7 -4 -36 52 -6 -36 54 -6 -32 54 -4 -32 52
5 8 -4 -36 52 -4 -32 52 -6 -36 54 -4 -36 50
4 7 -6 -36 54 -8 -36 56 -8 -32 56 -6 -32 54
5 8 -6 -36 54 -6 -32 54 -8 -36 56 -4 -36 52
4 7 -8 -36 56 -10 -36 56 -10 -32 56 -8 -32 56
5 8 -8 -36 56 -8 -32 56 -10 -36 56 -6 -36 54

0 Inlined: 1 7 -10 -36 50 0 0 -2 0 0 0 2 0 0 ring2.dat
0 Official LCad update 98-10

4 7 -14 -36 50 -14 -36 48 -16 -36 48 -16 -36 50
4 7 -14 -36 48 -13 -36 47 -14 -36 46 -16 -36 48
4 7 -13 -36 47 -12 -36 46 -12 -36 44 -14 -36 46
4 7 -12 -36 46 -10 -36 46 -10 -36 44 -12 -36 44
4 7 -10 -36 46 -8 -36 46 -8 -36 44 -10 -36 44
4 7 -8 -36 46 -7 -36 47 -6 -36 46 -8 -36 44
4 7 -7 -36 47 -6 -36 48 -4 -36 48 -6 -36 46
4 7 -6 -36 48 -6 -36 50 -4 -36 50 -4 -36 48
4 7 -6 -36 50 -6 -36 52 -4 -36 52 -4 -36 50
4 7 -6 -36 52 -7 -36 53 -6 -36 54 -4 -36 52
4 7 -7 -36 53 -8 -36 54 -8 -36 56 -6 -36 54
4 7 -8 -36 54 -10 -36 54 -10 -36 56 -8 -36 56
4 7 -10 -36 54 -12 -36 54 -12 -36 56 -10 -36 56
4 7 -12 -36 54 -13 -36 53 -14 -36 54 -12 -36 56
4 7 -13 -36 53 -14 -36 52 -16 -36 52 -14 -36 54
4 7 -14 -36 52 -14 -36 50 -16 -36 50 -16 -36 52

0

0 Inlined: 1 7 10 -32 70 0 0 -1 0 1 0 1 0 0 stud2.dat
0 Stud 2
0 Name: stud2.dat
0 Author: Chris Dee
0 Official LCad update 99-05

0 Inlined: 1 7 10 -32 70 0 0 -4 0 0 0 4 0 0 4-4edge.dat
0 Official LCad update 98-10

2 8 10 -32 74 8 -32 74
2 8 8 -32 74 7 -32 73
2 8 7 -32 73 6 -32 72
2 8 6 -32 72 6 -32 70
2 8 6 -32 70 6 -32 68
2 8 6 -32 68 7 -32 67
2 8 7 -32 67 8 -32 66
2 8 8 -32 66 10 -32 66
2 8 10 -32 66 12 -32 66
2 8 12 -32 66 13 -32 67
2 8 13 -32 67 14 -32 68
2 8 14 -32 68 14 -32 70
2 8 14 -32 70 14 -32 72
2 8 14 -32 72 13 -32 73
2 8 13 -32 73 12 -32 74
2 8 12 -32 74 10 -32 74

0 Inlined: 1 7 10 -32 70 0 0 -6 0 0 0 6 0 0 4-4edge.dat
0 Official LCad update 98-10

2 8 10 -32 76 8 -32 76
2 8 8 -32 76 6 -32 74
2 8 6 -32 74 4 -32 72
2 8 4 -32 72 4 -32 70
2 8 4 -32 70 4 -32 68
2 8 4 -32 68 6 -32 66
2 8 6 -32 66 8 -32 64
2 8 8 -32 64 10 -32 64
2 8 10 -32 64 12 -32 64
2 8 12 -32 64 14 -32 66
2 8 14 -32 66 16 -32 68
2 8 16 -32 68 16 -32 70
2 8 16 -32 70 16 -32 72
2 8 16 -32 72 14 -32 74
2 8 14 -32 74 12 -32 76
2 8 12 -32 76 10 -32 76

0 Inlined: 1 7 10 -36 70 0 0 -4 0 0 0 4 0 0 4-4edge.dat
0 Official LCad update 98-10

2 8 10 -36 74 8 -36 74
2 8 8 -36 74 7 -36 73
2 8 7 -36 73 6 -36 72
2 8 6 -36 72 6 -36 70
2 8 6 -36 70 6 -36 68
2 8 6 -36 68 7 -36 67
2 8 7 -36 67 8 -36 66
2 8 8 -36 66 10 -36 66
2 8 10 -36 66 12 -36 66
2 8 12 -36 66 13 -36 67
2 8 13 -36 67 14 -36 68
2 8 14 -36 68 14 -36 70
2 8 14 -36 70 14 -36 72
2 8 14 -36 72 13 -36 73
2 8 13 -36 73 12 -36 74
2 8 12 -36 74 10 -36 74

0 Inlined: 1 7 10 -36 70 0 0 -6 0 0 0 6 0 0 4-4edge.dat
0 Official LCad update 98-10

2 8 10 -36 76 8 -36 76
2 8 8 -36 76 6 -36 74
2 8 6 -36 74 4 -36 72
2 8 4 -36 72 4 -36 70
2 8 4 -36 70 4 -36 68
2 8 4 -36 68 6 -36 66
2 8 6 -36 66 8 -36 64
2 8 8 -36 64 10 -36 64
2 8 10 -36 64 12 -36 64
2 8 12 -36 64 14 -36 66
2 8 14 -36 66 16 -36 68
2 8 16 -36 68 16 -36 70
2 8 16 -36 70 16 -36 72
2 8 16 -36 72 14 -36 74
2 8 14 -36 74 12 -36 76
2 8 12 -36 76 10 -36 76


0 Inlined: 1 7 10 -36 70 0 0 -4 0 4 0 4 0 0 4-4cyli.dat
0 Official LCad update 98-10

4 7 10 -36 74 8 -36 74 8 -32 74 10 -32 74
5 8 10 -36 74 10 -32 74 8 -36 74 12 -36 74
4 7 8 -36 74 7 -36 73 7 -32 73 8 -32 74
5 8 8 -36 74 8 -32 74 7 -36 73 10 -36 74
4 7 7 -36 73 6 -36 72 6 -32 72 7 -32 73
5 8 7 -36 73 7 -32 73 6 -36 72 8 -36 74
4 7 6 -36 72 6 -36 70 6 -32 70 6 -32 72
5 8 6 -36 72 6 -32 72 6 -36 70 7 -36 73
4 7 6 -36 70 6 -36 68 6 -32 68 6 -32 70
5 8 6 -36 70 6 -32 70 6 -36 68 6 -36 72
4 7 6 -36 68 7 -36 67 7 -32 67 6 -32 68
5 8 6 -36 68 6 -32 68 7 -36 67 6 -36 70
4 7 7 -36 67 8 -36 66 8 -32 66 7 -32 67
5 8 7 -36 67 7 -32 67 8 -36 66 6 -36 68
4 7 8 -36 66 10 -36 66 10 -32 66 8 -32 66
5 8 8 -36 66 8 -32 66 10 -36 66 7 -36 67
4 7 10 -36 66 12 -36 66 12 -32 66 10 -32 66
5 8 10 -36 66 10 -32 66 12 -36 66 8 -36 66
4 7 12 -36 66 13 -36 67 13 -32 67 12 -32 66
5 8 12 -36 66 12 -32 66 13 -36 67 10 -36 66
4 7 13 -36 67 14 -36 68 14 -32 68 13 -32 67
5 8 13 -36 67 13 -32 67 14 -36 68 12 -36 66
4 7 14 -36 68 14 -36 70 14 -32 70 14 -32 68
5 8 14 -36 68 14 -32 68 14 -36 70 13 -36 67
4 7 14 -36 70 14 -36 72 14 -32 72 14 -32 70
5 8 14 -36 70 14 -32 70 14 -36 72 14 -36 68
4 7 14 -36 72 13 -36 73 13 -32 73 14 -32 72
5 8 14 -36 72 14 -32 72 13 -36 73 14 -36 70
4 7 13 -36 73 12 -36 74 12 -32 74 13 -32 73
5 8 13 -36 73 13 -32 73 12 -36 74 14 -36 72
4 7 12 -36 74 10 -36 74 10 -32 74 12 -32 74
5 8 12 -36 74 12 -32 74 10 -36 74 13 -36 73

0 Inlined: 1 7 10 -36 70 0 0 -6 0 4 0 6 0 0 4-4cyli.dat
0 Official LCad update 98-10

4 7 10 -36 76 8 -36 76 8 -32 76 10 -32 76
5 8 10 -36 76 10 -32 76 8 -36 76 12 -36 76
4 7 8 -36 76 6 -36 74 6 -32 74 8 -32 76
5 8 8 -36 76 8 -32 76 6 -36 74 10 -36 76
4 7 6 -36 74 4 -36 72 4 -32 72 6 -32 74
5 8 6 -36 74 6 -32 74 4 -36 72 8 -36 76
4 7 4 -36 72 4 -36 70 4 -32 70 4 -32 72
5 8 4 -36 72 4 -32 72 4 -36 70 6 -36 74
4 7 4 -36 70 4 -36 68 4 -32 68 4 -32 70
5 8 4 -36 70 4 -32 70 4 -36 68 4 -36 72
4 7 4 -36 68 6 -36 66 6 -32 66 4 -32 68
5 8 4 -36 68 4 -32 68 6 -36 66 4 -36 70
4 7 6 -36 66 8 -36 64 8 -32 64 6 -32 66
5 8 6 -36 66 6 -32 66 8 -36 64 4 -36 68
4 7 8 -36 64 10 -36 64 10 -32 64 8 -32 64
5 8 8 -36 64 8 -32 64 10 -36 64 6 -36 66
4 7 10 -36 64 12 -36 64 12 -32 64 10 -32 64
5 8 10 -36 64 10 -32 64 12 -36 64 8 -36 64
4 7 12 -36 64 14 -36 66 14 -32 66 12 -32 64
5 8 12 -36 64 12 -32 64 14 -36 66 10 -36 64
4 7 14 -36 66 16 -36 68 16 -32 68 14 -32 66
5 8 14 -36 66 14 -32 66 16 -36 68 12 -36 64
4 7 16 -36 68 16 -36 70 16 -32 70 16 -32 68
5 8 16 -36 68 16 -32 68 16 -36 70 14 -36 66
4 7 16 -36 70 16 -36 72 16 -32 72 16 -32 70
5 8 16 -36 70 16 -32 70 16 -36 72 16 -36 68
4 7 16 -36 72 14 -36 74 14 -32 74 16 -32 72
5 8 16 -36 72 16 -32 72 14 -36 74 16 -36 70
4 7 14 -36 74 12 -36 76 12 -32 76 14 -32 74
5 8 14 -36 74 14 -32 74 12 -36 76 16 -36 72
4 7 12 -36 76 10 -36 76 10 -32 76 12 -32 76
5 8 12 -36 76 12 -32 76 10 -36 76 14 -36 74

0 Inlined: 1 7 10 -36 70 0 0 -2 0 0 0 2 0 0 ring2.dat
0 Official LCad update 98-10

4 7 6 -36 70 6 -36 68 4 -36 68 4 -36 70
4 7 6 -36 68 7 -36 67 6 -36 66 4 -36 68
4 7 7 -36 67 8 -36 66 8 -36 64 6 -36 66
4 7 8 -36 66 10 -36 66 10 -36 64 8 -36 64
4 7 10 -36 66 12 -36 66 12 -36 64 10 -36 64
4 7 12 -36 66 13 -36 67 14 -36 66 12 -36 64
4 7 13 -36 67 14 -36 68 16 -36 68 14 -36 66
4 7 14 -36 68 14 -36 70 16 -36 70 16 -36 68
4 7 14 -36 70 14 -36 72 16 -36 72 16 -36 70
4 7 14 -36 72 13 -36 73 14 -36 74 16 -36 72
4 7 13 -36 73 12 -36 74 12 -36 76 14 -36 74
4 7 12 -36 74 10 -36 74 10 -36 76 12 -36 76
4 7 10 -36 74 8 -36 74 8 -36 76 10 -36 76
4 7 8 -36 74 7 -36 73 6 -36 74 8 -36 76
4 7 7 -36 73 6 -36 72 4 -36 72 6 -36 74
4 7 6 -36 72 6 -36 70 4 -36 70 4 -36 72

0

0 Inlined: 1 7 10 -32 50 0 0 -1 0 1 0 1 0 0 stud2.dat
0 Stud 2
0 Name: stud2.dat
0 Author: Chris Dee
0 Official LCad update 99-05

0 Inlined: 1 7 10 -32 50 0 0 -4 0 0 0 4 0 0 4-4edge.dat
0 Official LCad update 98-10

2 8 10 -32 54 8 -32 54
2 8 8 -32 54 7 -32 53
2 8 7 -32 53 6 -32 52
2 8 6 -32 52 6 -32 50
2 8 6 -32 50 6 -32 48
2 8 6 -32 48 7 -32 47
2 8 7 -32 47 8 -32 46
2 8 8 -32 46 10 -32 46
2 8 10 -32 46 12 -32 46
2 8 12 -32 46 13 -32 47
2 8 13 -32 47 14 -32 48
2 8 14 -32 48 14 -32 50
2 8 14 -32 50 14 -32 52
2 8 14 -32 52 13 -32 53
2 8 13 -32 53 12 -32 54
2 8 12 -32 54 10 -32 54

0 Inlined: 1 7 10 -32 50 0 0 -6 0 0 0 6 0 0 4-4edge.dat
0 Official LCad update 98-10

2 8 10 -32 56 8 -32 56
2 8 8 -32 56 6 -32 54
2 8 6 -32 54 4 -32 52
2 8 4 -32 52 4 -32 50
2 8 4 -32 50 4 -32 48
2 8 4 -32 48 6 -32 46
2 8 6 -32 46 8 -32 44
2 8 8 -32 44 10 -32 44
2 8 10 -32 44 12 -32 44
2 8 12 -32 44 14 -32 46
2 8 14 -32 46 16 -32 48
2 8 16 -32 48 16 -32 50
2 8 16 -32 50 16 -32 52
2 8 16 -32 52 14 -32 54
2 8 14 -32 54 12 -32 56
2 8 12 -32 56 10 -32 56

0 Inlined: 1 7 10 -36 50 0 0 -4 0 0 0 4 0 0 4-4edge.dat
0 Official LCad update 98-10

2 8 10 -36 54 8 -36 54
2 8 8 -36 54 7 -36 53
2 8 7 -36 53 6 -36 52
2 8 6 -36 52 6 -36 50
2 8 6 -36 50 6 -36 48
2 8 6 -36 48 7 -36 47
2 8 7 -36 47 8 -36 46
2 8 8 -36 46 10 -36 46
2 8 10 -36 46 12 -36 46
2 8 12 -36 46 13 -36 47
2 8 13 -36 47 14 -36 48
2 8 14 -36 48 14 -36 50
2 8 14 -36 50 14 -36 52
2 8 14 -36 52 13 -36 53
2 8 13 -36 53 12 -36 54
2 8 12 -36 54 10 -36 54

0 Inlined: 1 7 10 -36 50 0 0 -6 0 0 0 6 0 0 4-4edge.dat
0 Official LCad update 98-10

2 8 10 -36 56 8 -36 56
2 8 8 -36 56 6 -36 54
2 8 6 -36 54 4 -36 52
2 8 4 -36 52 4 -36 50
2 8 4 -36 50 4 -36 48
2 8 4 -36 48 6 -36 46
2 8 6 -36 46 8 -36 44
2 8 8 -36 44 10 -36 44
2 8 10 -36 44 12 -36 44
2 8 12 -36 44 14 -36 46
2 8 14 -36 46 16 -36 48
2 8 16 -36 48 16 -36 50
2 8 16 -36 50 16 -36 52
2 8 16 -36 52 14 -36 54
2 8 14 -36 54 12 -36 56
2 8 12 -36 56 10 -36 56


0 Inlined: 1 7 10 -36 50 0 0 -4 0 4 0 4 0 0 4-4cyli.dat
0 Official LCad update 98-10

4 7 10 -36 54 8 -36 54 8 -32 54 10 -32 54
5 8 10 -36 54 10 -32 54 8 -36 54 12 -36 54
4 7 8 -36 54 7 -36 53 7 -32 53 8 -32 54
5 8 8 -36 54 8 -32 54 7 -36 53 10 -36 54
4 7 7 -36 53 6 -36 52 6 -32 52 7 -32 53
5 8 7 -36 53 7 -32 53 6 -36 52 8 -36 54
4 7 6 -36 52 6 -36 50 6 -32 50 6 -32 52
5 8 6 -36 52 6 -32 52 6 -36 50 7 -36 53
4 7 6 -36 50 6 -36 48 6 -32 48 6 -32 50
5 8 6 -36 50 6 -32 50 6 -36 48 6 -36 52
4 7 6 -36 48 7 -36 47 7 -32 47 6 -32 48
5 8 6 -36 48 6 -32 48 7 -36 47 6 -36 50
4 7 7 -36 47 8 -36 46 8 -32 46 7 -32 47
5 8 7 -36 47 7 -32 47 8 -36 46 6 -36 48
4 7 8 -36 46 10 -36 46 10 -32 46 8 -32 46
5 8 8 -36 46 8 -32 46 10 -36 46 7 -36 47
4 7 10 -36 46 12 -36 46 12 -32 46 10 -32 46
5 8 10 -36 46 10 -32 46 12 -36 46 8 -36 46
4 7 12 -36 46 13 -36 47 13 -32 47 12 -32 46
5 8 12 -36 46 12 -32 46 13 -36 47 10 -36 46
4 7 13 -36 47 14 -36 48 14 -32 48 13 -32 47
5 8 13 -36 47 13 -32 47 14 -36 48 12 -36 46
4 7 14 -36 48 14 -36 50 14 -32 50 14 -32 48
5 8 14 -36 48 14 -32 48 14 -36 50 13 -36 47
4 7 14 -36 50 14 -36 52 14 -32 52 14 -32 50
5 8 14 -36 50 14 -32 50 14 -36 52 14 -36 48
4 7 14 -36 52 13 -36 53 13 -32 53 14 -32 52
5 8 14 -36 52 14 -32 52 13 -36 53 14 -36 50
4 7 13 -36 53 12 -36 54 12 -32 54 13 -32 53
5 8 13 -36 53 13 -32 53 12 -36 54 14 -36 52
4 7 12 -36 54 10 -36 54 10 -32 54 12 -32 54
5 8 12 -36 54 12 -32 54 10 -36 54 13 -36 53

0 Inlined: 1 7 10 -36 50 0 0 -6 0 4 0 6 0 0 4-4cyli.dat
0 Official LCad update 98-10

4 7 10 -36 56 8 -36 56 8 -32 56 10 -32 56
5 8 10 -36 56 10 -32 56 8 -36 56 12 -36 56
4 7 8 -36 56 6 -36 54 6 -32 54 8 -32 56
5 8 8 -36 56 8 -32 56 6 -36 54 10 -36 56
4 7 6 -36 54 4 -36 52 4 -32 52 6 -32 54
5 8 6 -36 54 6 -32 54 4 -36 52 8 -36 56
4 7 4 -36 52 4 -36 50 4 -32 50 4 -32 52
5 8 4 -36 52 4 -32 52 4 -36 50 6 -36 54
4 7 4 -36 50 4 -36 48 4 -32 48 4 -32 50
5 8 4 -36 50 4 -32 50 4 -36 48 4 -36 52
4 7 4 -36 48 6 -36 46 6 -32 46 4 -32 48
5 8 4 -36 48 4 -32 48 6 -36 46 4 -36 50
4 7 6 -36 46 8 -36 44 8 -32 44 6 -32 46
5 8 6 -36 46 6 -32 46 8 -36 44 4 -36 48
4 7 8 -36 44 10 -36 44 10 -32 44 8 -32 44
5 8 8 -36 44 8 -32 44 10 -36 44 6 -36 46
4 7 10 -36 44 12 -36 44 12 -32 44 10 -32 44
5 8 10 -36 44 10 -32 44 12 -36 44 8 -36 44
4 7 12 -36 44 14 -36 46 14 -32 46 12 -32 44
5 8 12 -36 44 12 -32 44 14 -36 46 10 -36 44
4 7 14 -36 46 16 -36 48 16 -32 48 14 -32 46
5 8 14 -36 46 14 -32 46 16 -36 48 12 -36 44
4 7 16 -36 48 16 -36 50 16 -32 50 16 -32 48
5 8 16 -36 48 16 -32 48 16 -36 50 14 -36 46
4 7 16 -36 50 16 -36 52 16 -32 52 16 -32 50
5 8 16 -36 50 16 -32 50 16 -36 52 16 -36 48
4 7 16 -36 52 14 -36 54 14 -32 54 16 -32 52
5 8 16 -36 52 16 -32 52 14 -36 54 16 -36 50
4 7 14 -36 54 12 -36 56 12 -32 56 14 -32 54
5 8 14 -36 54 14 -32 54 12 -36 56 16 -36 52
4 7 12 -36 56 10 -36 56 10 -32 56 12 -32 56
5 8 12 -36 56 12 -32 56 10 -36 56 14 -36 54

0 Inlined: 1 7 10 -36 50 0 0 -2 0 0 0 2 0 0 ring2.dat
0 Official LCad update 98-10

4 7 6 -36 50 6 -36 48 4 -36 48 4 -36 50
4 7 6 -36 48 7 -36 47 6 -36 46 4 -36 48
4 7 7 -36 47 8 -36 46 8 -36 44 6 -36 46
4 7 8 -36 46 10 -36 46 10 -36 44 8 -36 44
4 7 10 -36 46 12 -36 46 12 -36 44 10 -36 44
4 7 12 -36 46 13 -36 47 14 -36 46 12 -36 44
4 7 13 -36 47 14 -36 48 16 -36 48 14 -36 46
4 7 14 -36 48 14 -36 50 16 -36 50 16 -36 48
4 7 14 -36 50 14 -36 52 16 -36 52 16 -36 50
4 7 14 -36 52 13 -36 53 14 -36 54 16 -36 52
4 7 13 -36 53 12 -36 54 12 -36 56 14 -36 54
4 7 12 -36 54 10 -36 54 10 -36 56 12 -36 56
4 7 10 -36 54 8 -36 54 8 -36 56 10 -36 56
4 7 8 -36 54 7 -36 53 6 -36 54 8 -36 56
4 7 7 -36 53 6 -36 52 4 -36 52 6 -36 54
4 7 6 -36 52 6 -36 50 4 -36 50 4 -36 52

0


0 Inlined: 1 7 0 -40 60 -1 0 0 0 1 0 0 0 -1 3022.DAT
0 Plate  2 x  2

0 Inlined: 1 7 0 -36 60 -1 0 0 0 -1 0 0 0 -1 stud4.dat
0 Stud 4
0 Name: stud4.dat
0 Author: Chris Dee
0 Official LCad update 99-05

0 Inlined: 1 7 0 -32 60 -6 0 0 0 0 0 0 0 -6 4-4edge.dat
0 Official LCad update 98-10

2 8 -6 -32 60 -6 -32 58
2 8 -6 -32 58 -4 -32 56
2 8 -4 -32 56 -2 -32 54
2 8 -2 -32 54 0 -32 54
2 8 0 -32 54 2 -32 54
2 8 2 -32 54 4 -32 56
2 8 4 -32 56 6 -32 58
2 8 6 -32 58 6 -32 60
2 8 6 -32 60 6 -32 62
2 8 6 -32 62 4 -32 64
2 8 4 -32 64 2 -32 66
2 8 2 -32 66 0 -32 66
2 8 0 -32 66 -2 -32 66
2 8 -2 -32 66 -4 -32 64
2 8 -4 -32 64 -6 -32 62
2 8 -6 -32 62 -6 -32 60

0 Inlined: 1 7 0 -32 60 -8 0 0 0 0 0 0 0 -8 4-4edge.dat
0 Official LCad update 98-10

2 8 -8 -32 60 -7 -32 57
2 8 -7 -32 57 -6 -32 54
2 8 -6 -32 54 -3 -32 53
2 8 -3 -32 53 0 -32 52
2 8 0 -32 52 3 -32 53
2 8 3 -32 53 6 -32 54
2 8 6 -32 54 7 -32 57
2 8 7 -32 57 8 -32 60
2 8 8 -32 60 7 -32 63
2 8 7 -32 63 6 -32 66
2 8 6 -32 66 3 -32 67
2 8 3 -32 67 0 -32 68
2 8 0 -32 68 -3 -32 67
2 8 -3 -32 67 -6 -32 66
2 8 -6 -32 66 -7 -32 63
2 8 -7 -32 63 -8 -32 60

0 Inlined: 1 7 0 -36 60 -6 0 0 0 0 0 0 0 -6 4-4edge.dat
0 Official LCad update 98-10

2 8 -6 -36 60 -6 -36 58
2 8 -6 -36 58 -4 -36 56
2 8 -4 -36 56 -2 -36 54
2 8 -2 -36 54 0 -36 54
2 8 0 -36 54 2 -36 54
2 8 2 -36 54 4 -36 56
2 8 4 -36 56 6 -36 58
2 8 6 -36 58 6 -36 60
2 8 6 -36 60 6 -36 62
2 8 6 -36 62 4 -36 64
2 8 4 -36 64 2 -36 66
2 8 2 -36 66 0 -36 66
2 8 0 -36 66 -2 -36 66
2 8 -2 -36 66 -4 -36 64
2 8 -4 -36 64 -6 -36 62
2 8 -6 -36 62 -6 -36 60

0 Inlined: 1 7 0 -36 60 -8 0 0 0 0 0 0 0 -8 4-4edge.dat
0 Official LCad update 98-10

2 8 -8 -36 60 -7 -36 57
2 8 -7 -36 57 -6 -36 54
2 8 -6 -36 54 -3 -36 53
2 8 -3 -36 53 0 -36 52
2 8 0 -36 52 3 -36 53
2 8 3 -36 53 6 -36 54
2 8 6 -36 54 7 -36 57
2 8 7 -36 57 8 -36 60
2 8 8 -36 60 7 -36 63
2 8 7 -36 63 6 -36 66
2 8 6 -36 66 3 -36 67
2 8 3 -36 67 0 -36 68
2 8 0 -36 68 -3 -36 67
2 8 -3 -36 67 -6 -36 66
2 8 -6 -36 66 -7 -36 63
2 8 -7 -36 63 -8 -36 60

0 Inlined: 1 7 0 -32 60 -6 0 0 0 -4 0 0 0 -6 4-4cyli.dat
0 Official LCad update 98-10

4 7 -6 -32 60 -6 -32 58 -6 -36 58 -6 -36 60
5 8 -6 -32 60 -6 -36 60 -6 -32 58 -6 -32 62
4 7 -6 -32 58 -4 -32 56 -4 -36 56 -6 -36 58
5 8 -6 -32 58 -6 -36 58 -4 -32 56 -6 -32 60
4 7 -4 -32 56 -2 -32 54 -2 -36 54 -4 -36 56
5 8 -4 -32 56 -4 -36 56 -2 -32 54 -6 -32 58
4 7 -2 -32 54 0 -32 54 0 -36 54 -2 -36 54
5 8 -2 -32 54 -2 -36 54 0 -32 54 -4 -32 56
4 7 0 -32 54 2 -32 54 2 -36 54 0 -36 54
5 8 0 -32 54 0 -36 54 2 -32 54 -2 -32 54
4 7 2 -32 54 4 -32 56 4 -36 56 2 -36 54
5 8 2 -32 54 2 -36 54 4 -32 56 0 -32 54
4 7 4 -32 56 6 -32 58 6 -36 58 4 -36 56
5 8 4 -32 56 4 -36 56 6 -32 58 2 -32 54
4 7 6 -32 58 6 -32 60 6 -36 60 6 -36 58
5 8 6 -32 58 6 -36 58 6 -32 60 4 -32 56
4 7 6 -32 60 6 -32 62 6 -36 62 6 -36 60
5 8 6 -32 60 6 -36 60 6 -32 62 6 -32 58
4 7 6 -32 62 4 -32 64 4 -36 64 6 -36 62
5 8 6 -32 62 6 -36 62 4 -32 64 6 -32 60
4 7 4 -32 64 2 -32 66 2 -36 66 4 -36 64
5 8 4 -32 64 4 -36 64 2 -32 66 6 -32 62
4 7 2 -32 66 0 -32 66 0 -36 66 2 -36 66
5 8 2 -32 66 2 -36 66 0 -32 66 4 -32 64
4 7 0 -32 66 -2 -32 66 -2 -36 66 0 -36 66
5 8 0 -32 66 0 -36 66 -2 -32 66 2 -32 66
4 7 -2 -32 66 -4 -32 64 -4 -36 64 -2 -36 66
5 8 -2 -32 66 -2 -36 66 -4 -32 64 0 -32 66
4 7 -4 -32 64 -6 -32 62 -6 -36 62 -4 -36 64
5 8 -4 -32 64 -4 -36 64 -6 -32 62 -2 -32 66
4 7 -6 -32 62 -6 -32 60 -6 -36 60 -6 -36 62
5 8 -6 -32 62 -6 -36 62 -6 -32 60 -4 -32 64

0 Inlined: 1 7 0 -32 60 -8 0 0 0 -4 0 0 0 -8 4-4cyli.dat
0 Official LCad update 98-10

4 7 -8 -32 60 -7 -32 57 -7 -36 57 -8 -36 60
5 8 -8 -32 60 -8 -36 60 -7 -32 57 -7 -32 63
4 7 -7 -32 57 -6 -32 54 -6 -36 54 -7 -36 57
5 8 -7 -32 57 -7 -36 57 -6 -32 54 -8 -32 60
4 7 -6 -32 54 -3 -32 53 -3 -36 53 -6 -36 54
5 8 -6 -32 54 -6 -36 54 -3 -32 53 -7 -32 57
4 7 -3 -32 53 0 -32 52 0 -36 52 -3 -36 53
5 8 -3 -32 53 -3 -36 53 0 -32 52 -6 -32 54
4 7 0 -32 52 3 -32 53 3 -36 53 0 -36 52
5 8 0 -32 52 0 -36 52 3 -32 53 -3 -32 53
4 7 3 -32 53 6 -32 54 6 -36 54 3 -36 53
5 8 3 -32 53 3 -36 53 6 -32 54 0 -32 52
4 7 6 -32 54 7 -32 57 7 -36 57 6 -36 54
5 8 6 -32 54 6 -36 54 7 -32 57 3 -32 53
4 7 7 -32 57 8 -32 60 8 -36 60 7 -36 57
5 8 7 -32 57 7 -36 57 8 -32 60 6 -32 54
4 7 8 -32 60 7 -32 63 7 -36 63 8 -36 60
5 8 8 -32 60 8 -36 60 7 -32 63 7 -32 57
4 7 7 -32 63 6 -32 66 6 -36 66 7 -36 63
5 8 7 -32 63 7 -36 63 6 -32 66 8 -32 60
4 7 6 -32 66 3 -32 67 3 -36 67 6 -36 66
5 8 6 -32 66 6 -36 66 3 -32 67 7 -32 63
4 7 3 -32 67 0 -32 68 0 -36 68 3 -36 67
5 8 3 -32 67 3 -36 67 0 -32 68 6 -32 66
4 7 0 -32 68 -3 -32 67 -3 -36 67 0 -36 68
5 8 0 -32 68 0 -36 68 -3 -32 67 3 -32 67
4 7 -3 -32 67 -6 -32 66 -6 -36 66 -3 -36 67
5 8 -3 -32 67 -3 -36 67 -6 -32 66 0 -32 68
4 7 -6 -32 66 -7 -32 63 -7 -36 63 -6 -36 66
5 8 -6 -32 66 -6 -36 66 -7 -32 63 -3 -32 67
4 7 -7 -32 63 -8 -32 60 -8 -36 60 -7 -36 63
5 8 -7 -32 63 -7 -36 63 -8 -32 60 -6 -32 66

0 Inlined: 1 7 0 -32 60 -2 0 0 0 0 0 0 0 -2 ring3.dat
0 Official LCad update 98-10

4 7 0 -32 54 2 -32 54 3 -32 53 0 -32 52
4 7 2 -32 54 4 -32 56 6 -32 54 3 -32 53
4 7 4 -32 56 6 -32 58 7 -32 57 6 -32 54
4 7 6 -32 58 6 -32 60 8 -32 60 7 -32 57
4 7 6 -32 60 6 -32 62 7 -32 63 8 -32 60
4 7 6 -32 62 4 -32 64 6 -32 66 7 -32 63
4 7 4 -32 64 2 -32 66 3 -32 67 6 -32 66
4 7 2 -32 66 0 -32 66 0 -32 68 3 -32 67
4 7 0 -32 66 -2 -32 66 -3 -32 67 0 -32 68
4 7 -2 -32 66 -4 -32 64 -6 -32 66 -3 -32 67
4 7 -4 -32 64 -6 -32 62 -7 -32 63 -6 -32 66
4 7 -6 -32 62 -6 -32 60 -8 -32 60 -7 -32 63
4 7 -6 -32 60 -6 -32 58 -7 -32 57 -8 -32 60
4 7 -6 -32 58 -4 -32 56 -6 -32 54 -7 -32 57
4 7 -4 -32 56 -2 -32 54 -3 -32 53 -6 -32 54
4 7 -2 -32 54 0 -32 54 0 -32 52 -3 -32 53

0

0 Inlined: 1 7 0 -32 60 -16 0 0 0 -4 0 0 0 -16 box5.dat
2 8 -16 -36 44 16 -36 44
2 8 16 -36 44 16 -36 76
2 8 16 -36 76 -16 -36 76
2 8 -16 -36 76 -16 -36 44
2 8 -16 -32 44 16 -32 44
2 8 16 -32 44 16 -32 76
2 8 16 -32 76 -16 -32 76
2 8 -16 -32 76 -16 -32 44
2 8 -16 -32 44 -16 -36 44
2 8 16 -32 44 16 -36 44
2 8 -16 -32 76 -16 -36 76
2 8 16 -32 76 16 -36 76
4 7 -16 -36 44 -16 -36 76 16 -36 76 16 -36 44
4 7 -16 -36 44 -16 -32 44 16 -32 44 16 -36 44
4 7 16 -36 44 16 -32 44 16 -32 76 16 -36 76
4 7 16 -36 76 16 -32 76 -16 -32 76 -16 -36 76
4 7 -16 -36 76 -16 -32 76 -16 -32 44 -16 -36 44

4 7 -20 -32 40 -16 -32 44 16 -32 44 20 -32 40
4 7 -20 -32 80 -16 -32 76 16 -32 76 20 -32 80
4 7 -20 -32 40 -16 -32 44 -16 -32 76 -20 -32 80
4 7 20 -32 40 16 -32 44 16 -32 76 20 -32 80
0 Inlined: 1 7 0 -32 60 -20 0 0 0 -8 0 0 0 -20 box5.dat
2 8 -20 -40 40 20 -40 40
2 8 20 -40 40 20 -40 80
2 8 20 -40 80 -20 -40 80
2 8 -20 -40 80 -20 -40 40
2 8 -20 -32 40 20 -32 40
2 8 20 -32 40 20 -32 80
2 8 20 -32 80 -20 -32 80
2 8 -20 -32 80 -20 -32 40
2 8 -20 -32 40 -20 -40 40
2 8 20 -32 40 20 -40 40
2 8 -20 -32 80 -20 -40 80
2 8 20 -32 80 20 -40 80
4 7 -20 -40 40 -20 -40 80 20 -40 80 20 -40 40
4 7 -20 -40 40 -20 -32 40 20 -32 40 20 -40 40
4 7 20 -40 40 20 -32 40 20 -32 80 20 -40 80
4 7 20 -40 80 20 -32 80 -20 -32 80 -20 -40 80
4 7 -20 -40 80 -20 -32 80 -20 -32 40 -20 -40 40

0 Inlined: 1 7 -10 -40 50 -1 0 0 0 1 0 0 0 -1 stud.dat
0 Inlined: 1 7 -10 -40 50 -6 0 0 0 0 0 0 0 -6 4-4edge.dat
0 Official LCad update 98-10

2 8 -16 -40 50 -16 -40 48
2 8 -16 -40 48 -14 -40 46
2 8 -14 -40 46 -12 -40 44
2 8 -12 -40 44 -10 -40 44
2 8 -10 -40 44 -8 -40 44
2 8 -8 -40 44 -6 -40 46
2 8 -6 -40 46 -4 -40 48
2 8 -4 -40 48 -4 -40 50
2 8 -4 -40 50 -4 -40 52
2 8 -4 -40 52 -6 -40 54
2 8 -6 -40 54 -8 -40 56
2 8 -8 -40 56 -10 -40 56
2 8 -10 -40 56 -12 -40 56
2 8 -12 -40 56 -14 -40 54
2 8 -14 -40 54 -16 -40 52
2 8 -16 -40 52 -16 -40 50

0 Inlined: 1 7 -10 -44 50 -6 0 0 0 0 0 0 0 -6 4-4edge.dat
0 Official LCad update 98-10

2 8 -16 -44 50 -16 -44 48
2 8 -16 -44 48 -14 -44 46
2 8 -14 -44 46 -12 -44 44
2 8 -12 -44 44 -10 -44 44
2 8 -10 -44 44 -8 -44 44
2 8 -8 -44 44 -6 -44 46
2 8 -6 -44 46 -4 -44 48
2 8 -4 -44 48 -4 -44 50
2 8 -4 -44 50 -4 -44 52
2 8 -4 -44 52 -6 -44 54
2 8 -6 -44 54 -8 -44 56
2 8 -8 -44 56 -10 -44 56
2 8 -10 -44 56 -12 -44 56
2 8 -12 -44 56 -14 -44 54
2 8 -14 -44 54 -16 -44 52
2 8 -16 -44 52 -16 -44 50

0 Inlined: 1 7 -10 -40 50 -6 0 0 0 -4 0 0 0 -6 4-4cyli.dat
0 Official LCad update 98-10

4 7 -16 -40 50 -16 -40 48 -16 -44 48 -16 -44 50
5 8 -16 -40 50 -16 -44 50 -16 -40 48 -16 -40 52
4 7 -16 -40 48 -14 -40 46 -14 -44 46 -16 -44 48
5 8 -16 -40 48 -16 -44 48 -14 -40 46 -16 -40 50
4 7 -14 -40 46 -12 -40 44 -12 -44 44 -14 -44 46
5 8 -14 -40 46 -14 -44 46 -12 -40 44 -16 -40 48
4 7 -12 -40 44 -10 -40 44 -10 -44 44 -12 -44 44
5 8 -12 -40 44 -12 -44 44 -10 -40 44 -14 -40 46
4 7 -10 -40 44 -8 -40 44 -8 -44 44 -10 -44 44
5 8 -10 -40 44 -10 -44 44 -8 -40 44 -12 -40 44
4 7 -8 -40 44 -6 -40 46 -6 -44 46 -8 -44 44
5 8 -8 -40 44 -8 -44 44 -6 -40 46 -10 -40 44
4 7 -6 -40 46 -4 -40 48 -4 -44 48 -6 -44 46
5 8 -6 -40 46 -6 -44 46 -4 -40 48 -8 -40 44
4 7 -4 -40 48 -4 -40 50 -4 -44 50 -4 -44 48
5 8 -4 -40 48 -4 -44 48 -4 -40 50 -6 -40 46
4 7 -4 -40 50 -4 -40 52 -4 -44 52 -4 -44 50
5 8 -4 -40 50 -4 -44 50 -4 -40 52 -4 -40 48
4 7 -4 -40 52 -6 -40 54 -6 -44 54 -4 -44 52
5 8 -4 -40 52 -4 -44 52 -6 -40 54 -4 -40 50
4 7 -6 -40 54 -8 -40 56 -8 -44 56 -6 -44 54
5 8 -6 -40 54 -6 -44 54 -8 -40 56 -4 -40 52
4 7 -8 -40 56 -10 -40 56 -10 -44 56 -8 -44 56
5 8 -8 -40 56 -8 -44 56 -10 -40 56 -6 -40 54
4 7 -10 -40 56 -12 -40 56 -12 -44 56 -10 -44 56
5 8 -10 -40 56 -10 -44 56 -12 -40 56 -8 -40 56
4 7 -12 -40 56 -14 -40 54 -14 -44 54 -12 -44 56
5 8 -12 -40 56 -12 -44 56 -14 -40 54 -10 -40 56
4 7 -14 -40 54 -16 -40 52 -16 -44 52 -14 -44 54
5 8 -14 -40 54 -14 -44 54 -16 -40 52 -12 -40 56
4 7 -16 -40 52 -16 -40 50 -16 -44 50 -16 -44 52
5 8 -16 -40 52 -16 -44 52 -16 -40 50 -14 -40 54

0 Inlined: 1 7 -10 -44 50 -6 0 0 0 0 0 0 0 -6 4-4disc.dat
0 Disc
0 Official LCad update 98-10

3 7 -10 -44 50 -16 -44 50 -16 -44 48
3 7 -10 -44 50 -16 -44 48 -14 -44 46
3 7 -10 -44 50 -14 -44 46 -12 -44 44
3 7 -10 -44 50 -12 -44 44 -10 -44 44
3 7 -10 -44 50 -10 -44 44 -8 -44 44
3 7 -10 -44 50 -8 -44 44 -6 -44 46
3 7 -10 -44 50 -6 -44 46 -4 -44 48
3 7 -10 -44 50 -4 -44 48 -4 -44 50
3 7 -10 -44 50 -4 -44 50 -4 -44 52
3 7 -10 -44 50 -4 -44 52 -6 -44 54
3 7 -10 -44 50 -6 -44 54 -8 -44 56
3 7 -10 -44 50 -8 -44 56 -10 -44 56
3 7 -10 -44 50 -10 -44 56 -12 -44 56
3 7 -10 -44 50 -12 -44 56 -14 -44 54
3 7 -10 -44 50 -14 -44 54 -16 -44 52
3 7 -10 -44 50 -16 -44 52 -16 -44 50


0 Inlined: 1 7 10 -40 50 -1 0 0 0 1 0 0 0 -1 stud.dat
0 Inlined: 1 7 10 -40 50 -6 0 0 0 0 0 0 0 -6 4-4edge.dat
0 Official LCad update 98-10

2 8 4 -40 50 4 -40 48
2 8 4 -40 48 6 -40 46
2 8 6 -40 46 8 -40 44
2 8 8 -40 44 10 -40 44
2 8 10 -40 44 12 -40 44
2 8 12 -40 44 14 -40 46
2 8 14 -40 46 16 -40 48
2 8 16 -40 48 16 -40 50
2 8 16 -40 50 16 -40 52
2 8 16 -40 52 14 -40 54
2 8 14 -40 54 12 -40 56
2 8 12 -40 56 10 -40 56
2 8 10 -40 56 8 -40 56
2 8 8 -40 56 6 -40 54
2 8 6 -40 54 4 -40 52
2 8 4 -40 52 4 -40 50

0 Inlined: 1 7 10 -44 50 -6 0 0 0 0 0 0 0 -6 4-4edge.dat
0 Official LCad update 98-10

2 8 4 -44 50 4 -44 48
2 8 4 -44 48 6 -44 46
2 8 6 -44 46 8 -44 44
2 8 8 -44 44 10 -44 44
2 8 10 -44 44 12 -44 44
2 8 12 -44 44 14 -44 46
2 8 14 -44 46 16 -44 48
2 8 16 -44 48 16 -44 50
2 8 16 -44 50 16 -44 52
2 8 16 -44 52 14 -44 54
2 8 14 -44 54 12 -44 56
2 8 12 -44 56 10 -44 56
2 8 10 -44 56 8 -44 56
2 8 8 -44 56 6 -44 54
2 8 6 -44 54 4 -44 52
2 8 4 -44 52 4 -44 50

0 Inlined: 1 7 10 -40 50 -6 0 0 0 -4 0 0 0 -6 4-4cyli.dat
0 Official LCad update 98-10

4 7 4 -40 50 4 -40 48 4 -44 48 4 -44 50
5 8 4 -40 50 4 -44 50 4 -40 48 4 -40 52
4 7 4 -40 48 6 -40 46 6 -44 46 4 -44 48
5 8 4 -40 48 4 -44 48 6 -40 46 4 -40 50
4 7 6 -40 46 8 -40 44 8 -44 44 6 -44 46
5 8 6 -40 46 6 -44 46 8 -40 44 4 -40 48
4 7 8 -40 44 10 -40 44 10 -44 44 8 -44 44
5 8 8 -40 44 8 -44 44 10 -40 44 6 -40 46
4 7 10 -40 44 12 -40 44 12 -44 44 10 -44 44
5 8 10 -40 44 10 -44 44 12 -40 44 8 -40 44
4 7 12 -40 44 14 -40 46 14 -44 46 12 -44 44
5 8 12 -40 44 12 -44 44 14 -40 46 10 -40 44
4 7 14 -40 46 16 -40 48 16 -44 48 14 -44 46
5 8 14 -40 46 14 -44 46 16 -40 48 12 -40 44
4 7 16 -40 48 16 -40 50 16 -44 50 16 -44 48
5 8 16 -40 48 16 -44 48 16 -40 50 14 -40 46
4 7 16 -40 50 16 -40 52 16 -44 52 16 -44 50
5 8 16 -40 50 16 -44 50 16 -40 52 16 -40 48
4 7 16 -40 52 14 -40 54 14 -44 54 16 -44 52
5 8 16 -40 52 16 -44 52 14 -40 54 16 -40 50
4 7 14 -40 54 12 -40 56 12 -44 56 14 -44 54
5 8 14 -40 54 14 -44 54 12 -40 56 16 -40 52
4 7 12 -40 56 10 -40 56 10 -44 56 12 -44 56
5 8 12 -40 56 12 -44 56 10 -40 56 14 -40 54
4 7 10 -40 56 8 -40 56 8 -44 56 10 -44 56
5 8 10 -40 56 10 -44 56 8 -40 56 12 -40 56
4 7 8 -40 56 6 -40 54 6 -44 54 8 -44 56
5 8 8 -40 56 8 -44 56 6 -40 54 10 -40 56
4 7 6 -40 54 4 -40 52 4 -44 52 6 -44 54
5 8 6 -40 54 6 -44 54 4 -40 52 8 -40 56
4 7 4 -40 52 4 -40 50 4 -44 50 4 -44 52
5 8 4 -40 52 4 -44 52 4 -40 50 6 -40 54

0 Inlined: 1 7 10 -44 50 -6 0 0 0 0 0 0 0 -6 4-4disc.dat
0 Disc
0 Official LCad update 98-10

3 7 10 -44 50 4 -44 50 4 -44 48
3 7 10 -44 50 4 -44 48 6 -44 46
3 7 10 -44 50 6 -44 46 8 -44 44
3 7 10 -44 50 8 -44 44 10 -44 44
3 7 10 -44 50 10 -44 44 12 -44 44
3 7 10 -44 50 12 -44 44 14 -44 46
3 7 10 -44 50 14 -44 46 16 -44 48
3 7 10 -44 50 16 -44 48 16 -44 50
3 7 10 -44 50 16 -44 50 16 -44 52
3 7 10 -44 50 16 -44 52 14 -44 54
3 7 10 -44 50 14 -44 54 12 -44 56
3 7 10 -44 50 12 -44 56 10 -44 56
3 7 10 -44 50 10 -44 56 8 -44 56
3 7 10 -44 50 8 -44 56 6 -44 54
3 7 10 -44 50 6 -44 54 4 -44 52
3 7 10 -44 50 4 -44 52 4 -44 50


0 Inlined: 1 7 -10 -40 70 -1 0 0 0 1 0 0 0 -1 stud.dat
0 Inlined: 1 7 -10 -40 70 -6 0 0 0 0 0 0 0 -6 4-4edge.dat
0 Official LCad update 98-10

2 8 -16 -40 70 -16 -40 68
2 8 -16 -40 68 -14 -40 66
2 8 -14 -40 66 -12 -40 64
2 8 -12 -40 64 -10 -40 64
2 8 -10 -40 64 -8 -40 64
2 8 -8 -40 64 -6 -40 66
2 8 -6 -40 66 -4 -40 68
2 8 -4 -40 68 -4 -40 70
2 8 -4 -40 70 -4 -40 72
2 8 -4 -40 72 -6 -40 74
2 8 -6 -40 74 -8 -40 76
2 8 -8 -40 76 -10 -40 76
2 8 -10 -40 76 -12 -40 76
2 8 -12 -40 76 -14 -40 74
2 8 -14 -40 74 -16 -40 72
2 8 -16 -40 72 -16 -40 70

0 Inlined: 1 7 -10 -44 70 -6 0 0 0 0 0 0 0 -6 4-4edge.dat
0 Official LCad update 98-10

2 8 -16 -44 70 -16 -44 68
2 8 -16 -44 68 -14 -44 66
2 8 -14 -44 66 -12 -44 64
2 8 -12 -44 64 -10 -44 64
2 8 -10 -44 64 -8 -44 64
2 8 -8 -44 64 -6 -44 66
2 8 -6 -44 66 -4 -44 68
2 8 -4 -44 68 -4 -44 70
2 8 -4 -44 70 -4 -44 72
2 8 -4 -44 72 -6 -44 74
2 8 -6 -44 74 -8 -44 76
2 8 -8 -44 76 -10 -44 76
2 8 -10 -44 76 -12 -44 76
2 8 -12 -44 76 -14 -44 74
2 8 -14 -44 74 -16 -44 72
2 8 -16 -44 72 -16 -44 70

0 Inlined: 1 7 -10 -40 70 -6 0 0 0 -4 0 0 0 -6 4-4cyli.dat
0 Official LCad update 98-10

4 7 -16 -40 70 -16 -40 68 -16 -44 68 -16 -44 70
5 8 -16 -40 70 -16 -44 70 -16 -40 68 -16 -40 72
4 7 -16 -40 68 -14 -40 66 -14 -44 66 -16 -44 68
5 8 -16 -40 68 -16 -44 68 -14 -40 66 -16 -40 70
4 7 -14 -40 66 -12 -40 64 -12 -44 64 -14 -44 66
5 8 -14 -40 66 -14 -44 66 -12 -40 64 -16 -40 68
4 7 -12 -40 64 -10 -40 64 -10 -44 64 -12 -44 64
5 8 -12 -40 64 -12 -44 64 -10 -40 64 -14 -40 66
4 7 -10 -40 64 -8 -40 64 -8 -44 64 -10 -44 64
5 8 -10 -40 64 -10 -44 64 -8 -40 64 -12 -40 64
4 7 -8 -40 64 -6 -40 66 -6 -44 66 -8 -44 64
5 8 -8 -40 64 -8 -44 64 -6 -40 66 -10 -40 64
4 7 -6 -40 66 -4 -40 68 -4 -44 68 -6 -44 66
5 8 -6 -40 66 -6 -44 66 -4 -40 68 -8 -40 64
4 7 -4 -40 68 -4 -40 70 -4 -44 70 -4 -44 68
5 8 -4 -40 68 -4 -44 68 -4 -40 70 -6 -40 66
4 7 -4 -40 70 -4 -40 72 -4 -44 72 -4 -44 70
5 8 -4 -40 70 -4 -44 70 -4 -40 72 -4 -40 68
4 7 -4 -40 72 -6 -40 74 -6 -44 74 -4 -44 72
5 8 -4 -40 72 -4 -44 72 -6 -40 74 -4 -40 70
4 7 -6 -40 74 -8 -40 76 -8 -44 76 -6 -44 74
5 8 -6 -40 74 -6 -44 74 -8 -40 76 -4 -40 72
4 7 -8 -40 76 -10 -40 76 -10 -44 76 -8 -44 76
5 8 -8 -40 76 -8 -44 76 -10 -40 76 -6 -40 74
4 7 -10 -40 76 -12 -40 76 -12 -44 76 -10 -44 76
5 8 -10 -40 76 -10 -44 76 -12 -40 76 -8 -40 76
4 7 -12 -40 76 -14 -40 74 -14 -44 74 -12 -44 76
5 8 -12 -40 76 -12 -44 76 -14 -40 74 -10 -40 76
4 7 -14 -40 74 -16 -40 72 -16 -44 72 -14 -44 74
5 8 -14 -40 74 -14 -44 74 -16 -40 72 -12 -40 76
4 7 -16 -40 72 -16 -40 70 -16 -44 70 -16 -44 72
5 8 -16 -40 72 -16 -44 72 -16 -40 70 -14 -40 74

0 Inlined: 1 7 -10 -44 70 -6 0 0 0 0 0 0 0 -6 4-4disc.dat
0 Disc
0 Official LCad update 98-10

3 7 -10 -44 70 -16 -44 70 -16 -44 68
3 7 -10 -44 70 -16 -44 68 -14 -44 66
3 7 -10 -44 70 -14 -44 66 -12 -44 64
3 7 -10 -44 70 -12 -44 64 -10 -44 64
3 7 -10 -44 70 -10 -44 64 -8 -44 64
3 7 -10 -44 70 -8 -44 64 -6 -44 66
3 7 -10 -44 70 -6 -44 66 -4 -44 68
3 7 -10 -44 70 -4 -44 68 -4 -44 70
3 7 -10 -44 70 -4 -44 70 -4 -44 72
3 7 -10 -44 70 -4 -44 72 -6 -44 74
3 7 -10 -44 70 -6 -44 74 -8 -44 76
3 7 -10 -44 70 -8 -44 76 -10 -44 76
3 7 -10 -44 70 -10 -44 76 -12 -44 76
3 7 -10 -44 70 -12 -44 76 -14 -44 74
3 7 -10 -44 70 -14 -44 74 -16 -44 72
3 7 -10 -44 70 -16 -44 72 -16 -44 70


0 Inlined: 1 7 10 -40 70 -1 0 0 0 1 0 0 0 -1 stud.dat
0 Inlined: 1 7 10 -40 70 -6 0 0 0 0 0 0 0 -6 4-4edge.dat
0 Official LCad update 98-10

2 8 4 -40 70 4 -40 68
2 8 4 -40 68 6 -40 66
2 8 6 -40 66 8 -40 64
2 8 8 -40 64 10 -40 64
2 8 10 -40 64 12 -40 64
2 8 12 -40 64 14 -40 66
2 8 14 -40 66 16 -40 68
2 8 16 -40 68 16 -40 70
2 8 16 -40 70 16 -40 72
2 8 16 -40 72 14 -40 74
2 8 14 -40 74 12 -40 76
2 8 12 -40 76 10 -40 76
2 8 10 -40 76 8 -40 76
2 8 8 -40 76 6 -40 74
2 8 6 -40 74 4 -40 72
2 8 4 -40 72 4 -40 70

0 Inlined: 1 7 10 -44 70 -6 0 0 0 0 0 0 0 -6 4-4edge.dat
0 Official LCad update 98-10

2 8 4 -44 70 4 -44 68
2 8 4 -44 68 6 -44 66
2 8 6 -44 66 8 -44 64
2 8 8 -44 64 10 -44 64
2 8 10 -44 64 12 -44 64
2 8 12 -44 64 14 -44 66
2 8 14 -44 66 16 -44 68
2 8 16 -44 68 16 -44 70
2 8 16 -44 70 16 -44 72
2 8 16 -44 72 14 -44 74
2 8 14 -44 74 12 -44 76
2 8 12 -44 76 10 -44 76
2 8 10 -44 76 8 -44 76
2 8 8 -44 76 6 -44 74
2 8 6 -44 74 4 -44 72
2 8 4 -44 72 4 -44 70

0 Inlined: 1 7 10 -40 70 -6 0 0 0 -4 0 0 0 -6 4-4cyli.dat
0 Official LCad update 98-10

4 7 4 -40 70 4 -40 68 4 -44 68 4 -44 70
5 8 4 -40 70 4 -44 70 4 -40 68 4 -40 72
4 7 4 -40 68 6 -40 66 6 -44 66 4 -44 68
5 8 4 -40 68 4 -44 68 6 -40 66 4 -40 70
4 7 6 -40 66 8 -40 64 8 -44 64 6 -44 66
5 8 6 -40 66 6 -44 66 8 -40 64 4 -40 68
4 7 8 -40 64 10 -40 64 10 -44 64 8 -44 64
5 8 8 -40 64 8 -44 64 10 -40 64 6 -40 66
4 7 10 -40 64 12 -40 64 12 -44 64 10 -44 64
5 8 10 -40 64 10 -44 64 12 -40 64 8 -40 64
4 7 12 -40 64 14 -40 66 14 -44 66 12 -44 64
5 8 12 -40 64 12 -44 64 14 -40 66 10 -40 64
4 7 14 -40 66 16 -40 68 16 -44 68 14 -44 66
5 8 14 -40 66 14 -44 66 16 -40 68 12 -40 64
4 7 16 -40 68 16 -40 70 16 -44 70 16 -44 68
5 8 16 -40 68 16 -44 68 16 -40 70 14 -40 66
4 7 16 -40 70 16 -40 72 16 -44 72 16 -44 70
5 8 16 -40 70 16 -44 70 16 -40 72 16 -40 68
4 7 16 -40 72 14 -40 74 14 -44 74 16 -44 72
5 8 16 -40 72 16 -44 72 14 -40 74 16 -40 70
4 7 14 -40 74 12 -40 76 12 -44 76 14 -44 74
5 8 14 -40 74 14 -44 74 12 -40 76 16 -40 72
4 7 12 -40 76 10 -40 76 10 -44 76 12 -44 76
5 8 12 -40 76 12 -44 76 10 -40 76 14 -40 74
4 7 10 -40 76 8 -40 76 8 -44 76 10 -44 76
5 8 10 -40 76 10 -44 76 8 -40 76 12 -40 76
4 7 8 -40 76 6 -40 74 6 -44 74 8 -44 76
5 8 8 -40 76 8 -44 76 6 -40 74 10 -40 76
4 7 6 -40 74 4 -40 72 4 -44 72 6 -44 74
5 8 6 -40 74 6 -44 74 4 -40 72 8 -40 76
4 7 4 -40 72 4 -40 70 4 -44 70 4 -44 72
5 8 4 -40 72 4 -44 72 4 -40 70 6 -40 74

0 Inlined: 1 7 10 -44 70 -6 0 0 0 0 0 0 0 -6 4-4disc.dat
0 Disc
0 Official LCad update 98-10

3 7 10 -44 70 4 -44 70 4 -44 68
3 7 10 -44 70 4 -44 68 6 -44 66
3 7 10 -44 70 6 -44 66 8 -44 64
3 7 10 -44 70 8 -44 64 10 -44 64
3 7 10 -44 70 10 -44 64 12 -44 64
3 7 10 -44 70 12 -44 64 14 -44 66
3 7 10 -44 70 14 -44 66 16 -44 68
3 7 10 -44 70 16 -44 68 16 -44 70
3 7 10 -44 70 16 -44 70 16 -44 72
3 7 10 -44 70 16 -44 72 14 -44 74
3 7 10 -44 70 14 -44 74 12 -44 76
3 7 10 -44 70 12 -44 76 10 -44 76
3 7 10 -44 70 10 -44 76 8 -44 76
3 7 10 -44 70 8 -44 76 6 -44 74
3 7 10 -44 70 6 -44 74 4 -44 72
3 7 10 -44 70 4 -44 72 4 -44 70



0 Inlined: 1 7 0 -48 60 -1 0 0 0 1 0 0 0 -1 2460.DAT
0 Tile  2 x  2 with Pin

0 Inlined: 1 7 0 -48 60 -1 0 0 0 1 0 0 0 -1 3068.dat
0 Tile  2 x  2

0 Inlined: 1 7 0 -44 60 -1 0 0 0 -1 0 0 0 -1 stud4.dat
0 Stud 4
0 Name: stud4.dat
0 Author: Chris Dee
0 Official LCad update 99-05

0 Inlined: 1 7 0 -40 60 -6 0 0 0 0 0 0 0 -6 4-4edge.dat
0 Official LCad update 98-10

2 8 -6 -40 60 -6 -40 58
2 8 -6 -40 58 -4 -40 56
2 8 -4 -40 56 -2 -40 54
2 8 -2 -40 54 0 -40 54
2 8 0 -40 54 2 -40 54
2 8 2 -40 54 4 -40 56
2 8 4 -40 56 6 -40 58
2 8 6 -40 58 6 -40 60
2 8 6 -40 60 6 -40 62
2 8 6 -40 62 4 -40 64
2 8 4 -40 64 2 -40 66
2 8 2 -40 66 0 -40 66
2 8 0 -40 66 -2 -40 66
2 8 -2 -40 66 -4 -40 64
2 8 -4 -40 64 -6 -40 62
2 8 -6 -40 62 -6 -40 60

0 Inlined: 1 7 0 -40 60 -8 0 0 0 0 0 0 0 -8 4-4edge.dat
0 Official LCad update 98-10

2 8 -8 -40 60 -7 -40 57
2 8 -7 -40 57 -6 -40 54
2 8 -6 -40 54 -3 -40 53
2 8 -3 -40 53 0 -40 52
2 8 0 -40 52 3 -40 53
2 8 3 -40 53 6 -40 54
2 8 6 -40 54 7 -40 57
2 8 7 -40 57 8 -40 60
2 8 8 -40 60 7 -40 63
2 8 7 -40 63 6 -40 66
2 8 6 -40 66 3 -40 67
2 8 3 -40 67 0 -40 68
2 8 0 -40 68 -3 -40 67
2 8 -3 -40 67 -6 -40 66
2 8 -6 -40 66 -7 -40 63
2 8 -7 -40 63 -8 -40 60

0 Inlined: 1 7 0 -44 60 -6 0 0 0 0 0 0 0 -6 4-4edge.dat
0 Official LCad update 98-10

2 8 -6 -44 60 -6 -44 58
2 8 -6 -44 58 -4 -44 56
2 8 -4 -44 56 -2 -44 54
2 8 -2 -44 54 0 -44 54
2 8 0 -44 54 2 -44 54
2 8 2 -44 54 4 -44 56
2 8 4 -44 56 6 -44 58
2 8 6 -44 58 6 -44 60
2 8 6 -44 60 6 -44 62
2 8 6 -44 62 4 -44 64
2 8 4 -44 64 2 -44 66
2 8 2 -44 66 0 -44 66
2 8 0 -44 66 -2 -44 66
2 8 -2 -44 66 -4 -44 64
2 8 -4 -44 64 -6 -44 62
2 8 -6 -44 62 -6 -44 60

0 Inlined: 1 7 0 -44 60 -8 0 0 0 0 0 0 0 -8 4-4edge.dat
0 Official LCad update 98-10

2 8 -8 -44 60 -7 -44 57
2 8 -7 -44 57 -6 -44 54
2 8 -6 -44 54 -3 -44 53
2 8 -3 -44 53 0 -44 52
2 8 0 -44 52 3 -44 53
2 8 3 -44 53 6 -44 54
2 8 6 -44 54 7 -44 57
2 8 7 -44 57 8 -44 60
2 8 8 -44 60 7 -44 63
2 8 7 -44 63 6 -44 66
2 8 6 -44 66 3 -44 67
2 8 3 -44 67 0 -44 68
2 8 0 -44 68 -3 -44 67
2 8 -3 -44 67 -6 -44 66
2 8 -6 -44 66 -7 -44 63
2 8 -7 -44 63 -8 -44 60

0 Inlined: 1 7 0 -40 60 -6 0 0 0 -4 0 0 0 -6 4-4cyli.dat
0 Official LCad update 98-10

4 7 -6 -40 60 -6 -40 58 -6 -44 58 -6 -44 60
5 8 -6 -40 60 -6 -44 60 -6 -40 58 -6 -40 62
4 7 -6 -40 58 -4 -40 56 -4 -44 56 -6 -44 58
5 8 -6 -40 58 -6 -44 58 -4 -40 56 -6 -40 60
4 7 -4 -40 56 -2 -40 54 -2 -44 54 -4 -44 56
5 8 -4 -40 56 -4 -44 56 -2 -40 54 -6 -40 58
4 7 -2 -40 54 0 -40 54 0 -44 54 -2 -44 54
5 8 -2 -40 54 -2 -44 54 0 -40 54 -4 -40 56
4 7 0 -40 54 2 -40 54 2 -44 54 0 -44 54
5 8 0 -40 54 0 -44 54 2 -40 54 -2 -40 54
4 7 2 -40 54 4 -40 56 4 -44 56 2 -44 54
5 8 2 -40 54 2 -44 54 4 -40 56 0 -40 54
4 7 4 -40 56 6 -40 58 6 -44 58 4 -44 56
5 8 4 -40 56 4 -44 56 6 -40 58 2 -40 54
4 7 6 -40 58 6 -40 60 6 -44 60 6 -44 58
5 8 6 -40 58 6 -44 58 6 -40 60 4 -40 56
4 7 6 -40 60 6 -40 62 6 -44 62 6 -44 60
5 8 6 -40 60 6 -44 60 6 -40 62 6 -40 58
4 7 6 -40 62 4 -40 64 4 -44 64 6 -44 62
5 8 6 -40 62 6 -44 62 4 -40 64 6 -40 60
4 7 4 -40 64 2 -40 66 2 -44 66 4 -44 64
5 8 4 -40 64 4 -44 64 2 -40 66 6 -40 62
4 7 2 -40 66 0 -40 66 0 -44 66 2 -44 66
5 8 2 -40 66 2 -44 66 0 -40 66 4 -40 64
4 7 0 -40 66 -2 -40 66 -2 -44 66 0 -44 66
5 8 0 -40 66 0 -44 66 -2 -40 66 2 -40 66
4 7 -2 -40 66 -4 -40 64 -4 -44 64 -2 -44 66
5 8 -2 -40 66 -2 -44 66 -4 -40 64 0 -40 66
4 7 -4 -40 64 -6 -40 62 -6 -44 62 -4 -44 64
5 8 -4 -40 64 -4 -44 64 -6 -40 62 -2 -40 66
4 7 -6 -40 62 -6 -40 60 -6 -44 60 -6 -44 62
5 8 -6 -40 62 -6 -44 62 -6 -40 60 -4 -40 64

0 Inlined: 1 7 0 -40 60 -8 0 0 0 -4 0 0 0 -8 4-4cyli.dat
0 Official LCad update 98-10

4 7 -8 -40 60 -7 -40 57 -7 -44 57 -8 -44 60
5 8 -8 -40 60 -8 -44 60 -7 -40 57 -7 -40 63
4 7 -7 -40 57 -6 -40 54 -6 -44 54 -7 -44 57
5 8 -7 -40 57 -7 -44 57 -6 -40 54 -8 -40 60
4 7 -6 -40 54 -3 -40 53 -3 -44 53 -6 -44 54
5 8 -6 -40 54 -6 -44 54 -3 -40 53 -7 -40 57
4 7 -3 -40 53 0 -40 52 0 -44 52 -3 -44 53
5 8 -3 -40 53 -3 -44 53 0 -40 52 -6 -40 54
4 7 0 -40 52 3 -40 53 3 -44 53 0 -44 52
5 8 0 -40 52 0 -44 52 3 -40 53 -3 -40 53
4 7 3 -40 53 6 -40 54 6 -44 54 3 -44 53
5 8 3 -40 53 3 -44 53 6 -40 54 0 -40 52
4 7 6 -40 54 7 -40 57 7 -44 57 6 -44 54
5 8 6 -40 54 6 -44 54 7 -40 57 3 -40 53
4 7 7 -40 57 8 -40 60 8 -44 60 7 -44 57
5 8 7 -40 57 7 -44 57 8 -40 60 6 -40 54
4 7 8 -40 60 7 -40 63 7 -44 63 8 -44 60
5 8 8 -40 60 8 -44 60 7 -40 63 7 -40 57
4 7 7 -40 63 6 -40 66 6 -44 66 7 -44 63
5 8 7 -40 63 7 -44 63 6 -40 66 8 -40 60
4 7 6 -40 66 3 -40 67 3 -44 67 6 -44 66
5 8 6 -40 66 6 -44 66 3 -40 67 7 -40 63
4 7 3 -40 67 0 -40 68 0 -44 68 3 -44 67
5 8 3 -40 67 3 -44 67 0 -40 68 6 -40 66
4 7 0 -40 68 -3 -40 67 -3 -44 67 0 -44 68
5 8 0 -40 68 0 -44 68 -3 -40 67 3 -40 67
4 7 -3 -40 67 -6 -40 66 -6 -44 66 -3 -44 67
5 8 -3 -40 67 -3 -44 67 -6 -40 66 0 -40 68
4 7 -6 -40 66 -7 -40 63 -7 -44 63 -6 -44 66
5 8 -6 -40 66 -6 -44 66 -7 -40 63 -3 -40 67
4 7 -7 -40 63 -8 -40 60 -8 -44 60 -7 -44 63
5 8 -7 -40 63 -7 -44 63 -8 -40 60 -6 -40 66

0 Inlined: 1 7 0 -40 60 -2 0 0 0 0 0 0 0 -2 ring3.dat
0 Official LCad update 98-10

4 7 0 -40 54 2 -40 54 3 -40 53 0 -40 52
4 7 2 -40 54 4 -40 56 6 -40 54 3 -40 53
4 7 4 -40 56 6 -40 58 7 -40 57 6 -40 54
4 7 6 -40 58 6 -40 60 8 -40 60 7 -40 57
4 7 6 -40 60 6 -40 62 7 -40 63 8 -40 60
4 7 6 -40 62 4 -40 64 6 -40 66 7 -40 63
4 7 4 -40 64 2 -40 66 3 -40 67 6 -40 66
4 7 2 -40 66 0 -40 66 0 -40 68 3 -40 67
4 7 0 -40 66 -2 -40 66 -3 -40 67 0 -40 68
4 7 -2 -40 66 -4 -40 64 -6 -40 66 -3 -40 67
4 7 -4 -40 64 -6 -40 62 -7 -40 63 -6 -40 66
4 7 -6 -40 62 -6 -40 60 -8 -40 60 -7 -40 63
4 7 -6 -40 60 -6 -40 58 -7 -40 57 -8 -40 60
4 7 -6 -40 58 -4 -40 56 -6 -40 54 -7 -40 57
4 7 -4 -40 56 -2 -40 54 -3 -40 53 -6 -40 54
4 7 -2 -40 54 0 -40 54 0 -40 52 -3 -40 53

0

0 Inlined: 1 7 0 -40 60 -16 0 0 0 -4 0 0 0 -16 box5.dat
2 8 -16 -44 44 16 -44 44
2 8 16 -44 44 16 -44 76
2 8 16 -44 76 -16 -44 76
2 8 -16 -44 76 -16 -44 44
2 8 -16 -40 44 16 -40 44
2 8 16 -40 44 16 -40 76
2 8 16 -40 76 -16 -40 76
2 8 -16 -40 76 -16 -40 44
2 8 -16 -40 44 -16 -44 44
2 8 16 -40 44 16 -44 44
2 8 -16 -40 76 -16 -44 76
2 8 16 -40 76 16 -44 76
4 7 -16 -44 44 -16 -44 76 16 -44 76 16 -44 44
4 7 -16 -44 44 -16 -40 44 16 -40 44 16 -44 44
4 7 16 -44 44 16 -40 44 16 -40 76 16 -44 76
4 7 16 -44 76 16 -40 76 -16 -40 76 -16 -44 76
4 7 -16 -44 76 -16 -40 76 -16 -40 44 -16 -44 44

4 7 -20 -40 40 -16 -40 44 16 -40 44 20 -40 40
4 7 -20 -40 80 -16 -40 76 16 -40 76 20 -40 80
4 7 -20 -40 40 -16 -40 44 -16 -40 76 -20 -40 80
4 7 20 -40 40 16 -40 44 16 -40 76 20 -40 80
0 Inlined: 1 7 0 -40 60 -20 0 0 0 -8 0 0 0 -20 box5.dat
2 8 -20 -48 40 20 -48 40
2 8 20 -48 40 20 -48 80
2 8 20 -48 80 -20 -48 80
2 8 -20 -48 80 -20 -48 40
2 8 -20 -40 40 20 -40 40
2 8 20 -40 40 20 -40 80
2 8 20 -40 80 -20 -40 80
2 8 -20 -40 80 -20 -40 40
2 8 -20 -40 40 -20 -48 40
2 8 20 -40 40 20 -48 40
2 8 -20 -40 80 -20 -48 80
2 8 20 -40 80 20 -48 80
4 7 -20 -48 40 -20 -48 80 20 -48 80 20 -48 40
4 7 -20 -48 40 -20 -40 40 20 -40 40 20 -48 40
4 7 20 -48 40 20 -40 40 20 -40 80 20 -48 80
4 7 20 -48 80 20 -40 80 -20 -40 80 -20 -48 80
4 7 -20 -48 80 -20 -40 80 -20 -40 40 -20 -48 40


0 Inlined: 1 7 0 -48 60 -8 0 0 0 0 0 0 0 -8 4-4edge.dat
0 Official LCad update 98-10

2 8 -8 -48 60 -7 -48 57
2 8 -7 -48 57 -6 -48 54
2 8 -6 -48 54 -3 -48 53
2 8 -3 -48 53 0 -48 52
2 8 0 -48 52 3 -48 53
2 8 3 -48 53 6 -48 54
2 8 6 -48 54 7 -48 57
2 8 7 -48 57 8 -48 60
2 8 8 -48 60 7 -48 63
2 8 7 -48 63 6 -48 66
2 8 6 -48 66 3 -48 67
2 8 3 -48 67 0 -48 68
2 8 0 -48 68 -3 -48 67
2 8 -3 -48 67 -6 -48 66
2 8 -6 -48 66 -7 -48 63
2 8 -7 -48 63 -8 -48 60

0 Inlined: 1 7 0 -48 60 -4 0 0 0 0 0 0 0 -4 4-4edge.dat
0 Official LCad update 98-10

2 8 -4 -48 60 -4 -48 58
2 8 -4 -48 58 -3 -48 57
2 8 -3 -48 57 -2 -48 56
2 8 -2 -48 56 0 -48 56
2 8 0 -48 56 2 -48 56
2 8 2 -48 56 3 -48 57
2 8 3 -48 57 4 -48 58
2 8 4 -48 58 4 -48 60
2 8 4 -48 60 4 -48 62
2 8 4 -48 62 3 -48 63
2 8 3 -48 63 2 -48 64
2 8 2 -48 64 0 -48 64
2 8 0 -48 64 -2 -48 64
2 8 -2 -48 64 -3 -48 63
2 8 -3 -48 63 -4 -48 62
2 8 -4 -48 62 -4 -48 60

0 Inlined: 1 7 0 -48 60 -1 0 0 0 1 0 0 0 -1 connect.dat
0 Connector

0 Inlined: 1 7 0 -50 60 -8 0 0 0 0 0 0 0 -8 4-4edge.dat
0 Official LCad update 98-10

2 8 -8 -50 60 -7 -50 57
2 8 -7 -50 57 -6 -50 54
2 8 -6 -50 54 -3 -50 53
2 8 -3 -50 53 0 -50 52
2 8 0 -50 52 3 -50 53
2 8 3 -50 53 6 -50 54
2 8 6 -50 54 7 -50 57
2 8 7 -50 57 8 -50 60
2 8 8 -50 60 7 -50 63
2 8 7 -50 63 6 -50 66
2 8 6 -50 66 3 -50 67
2 8 3 -50 67 0 -50 68
2 8 0 -50 68 -3 -50 67
2 8 -3 -50 67 -6 -50 66
2 8 -6 -50 66 -7 -50 63
2 8 -7 -50 63 -8 -50 60

0 Inlined: 1 7 0 -50 60 -6 0 0 0 0 0 0 0 -6 4-4edge.dat
0 Official LCad update 98-10

2 8 -6 -50 60 -6 -50 58
2 8 -6 -50 58 -4 -50 56
2 8 -4 -50 56 -2 -50 54
2 8 -2 -50 54 0 -50 54
2 8 0 -50 54 2 -50 54
2 8 2 -50 54 4 -50 56
2 8 4 -50 56 6 -50 58
2 8 6 -50 58 6 -50 60
2 8 6 -50 60 6 -50 62
2 8 6 -50 62 4 -50 64
2 8 4 -50 64 2 -50 66
2 8 2 -50 66 0 -50 66
2 8 0 -50 66 -2 -50 66
2 8 -2 -50 66 -4 -50 64
2 8 -4 -50 64 -6 -50 62
2 8 -6 -50 62 -6 -50 60

0 Inlined: 1 7 0 -60 60 -4 0 0 0 12 0 0 0 -4 4-4cyli.dat
0 Official LCad update 98-10

4 7 -4 -60 60 -4 -60 58 -4 -48 58 -4 -48 60
5 8 -4 -60 60 -4 -48 60 -4 -60 58 -4 -60 62
4 7 -4 -60 58 -3 -60 57 -3 -48 57 -4 -48 58
5 8 -4 -60 58 -4 -48 58 -3 -60 57 -4 -60 60
4 7 -3 -60 57 -2 -60 56 -2 -48 56 -3 -48 57
5 8 -3 -60 57 -3 -48 57 -2 -60 56 -4 -60 58
4 7 -2 -60 56 0 -60 56 0 -48 56 -2 -48 56
5 8 -2 -60 56 -2 -48 56 0 -60 56 -3 -60 57
4 7 0 -60 56 2 -60 56 2 -48 56 0 -48 56
5 8 0 -60 56 0 -48 56 2 -60 56 -2 -60 56
4 7 2 -60 56 3 -60 57 3 -48 57 2 -48 56
5 8 2 -60 56 2 -48 56 3 -60 57 0 -60 56
4 7 3 -60 57 4 -60 58 4 -48 58 3 -48 57
5 8 3 -60 57 3 -48 57 4 -60 58 2 -60 56
4 7 4 -60 58 4 -60 60 4 -48 60 4 -48 58
5 8 4 -60 58 4 -48 58 4 -60 60 3 -60 57
4 7 4 -60 60 4 -60 62 4 -48 62 4 -48 60
5 8 4 -60 60 4 -48 60 4 -60 62 4 -60 58
4 7 4 -60 62 3 -60 63 3 -48 63 4 -48 62
5 8 4 -60 62 4 -48 62 3 -60 63 4 -60 60
4 7 3 -60 63 2 -60 64 2 -48 64 3 -48 63
5 8 3 -60 63 3 -48 63 2 -60 64 4 -60 62
4 7 2 -60 64 0 -60 64 0 -48 64 2 -48 64
5 8 2 -60 64 2 -48 64 0 -60 64 3 -60 63
4 7 0 -60 64 -2 -60 64 -2 -48 64 0 -48 64
5 8 0 -60 64 0 -48 64 -2 -60 64 2 -60 64
4 7 -2 -60 64 -3 -60 63 -3 -48 63 -2 -48 64
5 8 -2 -60 64 -2 -48 64 -3 -60 63 0 -60 64
4 7 -3 -60 63 -4 -60 62 -4 -48 62 -3 -48 63
5 8 -3 -60 63 -3 -48 63 -4 -60 62 -2 -60 64
4 7 -4 -60 62 -4 -60 60 -4 -48 60 -4 -48 62
5 8 -4 -60 62 -4 -48 62 -4 -60 60 -3 -60 63

0 Inlined: 1 7 0 -60 60 -6 0 0 0 10 0 0 0 -6 4-4cyli.dat
0 Official LCad update 98-10

4 7 -6 -60 60 -6 -60 58 -6 -50 58 -6 -50 60
5 8 -6 -60 60 -6 -50 60 -6 -60 58 -6 -60 62
4 7 -6 -60 58 -4 -60 56 -4 -50 56 -6 -50 58
5 8 -6 -60 58 -6 -50 58 -4 -60 56 -6 -60 60
4 7 -4 -60 56 -2 -60 54 -2 -50 54 -4 -50 56
5 8 -4 -60 56 -4 -50 56 -2 -60 54 -6 -60 58
4 7 -2 -60 54 0 -60 54 0 -50 54 -2 -50 54
5 8 -2 -60 54 -2 -50 54 0 -60 54 -4 -60 56
4 7 0 -60 54 2 -60 54 2 -50 54 0 -50 54
5 8 0 -60 54 0 -50 54 2 -60 54 -2 -60 54
4 7 2 -60 54 4 -60 56 4 -50 56 2 -50 54
5 8 2 -60 54 2 -50 54 4 -60 56 0 -60 54
4 7 4 -60 56 6 -60 58 6 -50 58 4 -50 56
5 8 4 -60 56 4 -50 56 6 -60 58 2 -60 54
4 7 6 -60 58 6 -60 60 6 -50 60 6 -50 58
5 8 6 -60 58 6 -50 58 6 -60 60 4 -60 56
4 7 6 -60 60 6 -60 62 6 -50 62 6 -50 60
5 8 6 -60 60 6 -50 60 6 -60 62 6 -60 58
4 7 6 -60 62 4 -60 64 4 -50 64 6 -50 62
5 8 6 -60 62 6 -50 62 4 -60 64 6 -60 60
4 7 4 -60 64 2 -60 66 2 -50 66 4 -50 64
5 8 4 -60 64 4 -50 64 2 -60 66 6 -60 62
4 7 2 -60 66 0 -60 66 0 -50 66 2 -50 66
5 8 2 -60 66 2 -50 66 0 -60 66 4 -60 64
4 7 0 -60 66 -2 -60 66 -2 -50 66 0 -50 66
5 8 0 -60 66 0 -50 66 -2 -60 66 2 -60 66
4 7 -2 -60 66 -4 -60 64 -4 -50 64 -2 -50 66
5 8 -2 -60 66 -2 -50 66 -4 -60 64 0 -60 66
4 7 -4 -60 64 -6 -60 62 -6 -50 62 -4 -50 64
5 8 -4 -60 64 -4 -50 64 -6 -60 62 -2 -60 66
4 7 -6 -60 62 -6 -60 60 -6 -50 60 -6 -50 62
5 8 -6 -60 62 -6 -50 62 -6 -60 60 -4 -60 64

0 Inlined: 1 7 0 -50 60 -8 0 0 0 2 0 0 0 -8 4-4cyli.dat
0 Official LCad update 98-10

4 7 -8 -50 60 -7 -50 57 -7 -48 57 -8 -48 60
5 8 -8 -50 60 -8 -48 60 -7 -50 57 -7 -50 63
4 7 -7 -50 57 -6 -50 54 -6 -48 54 -7 -48 57
5 8 -7 -50 57 -7 -48 57 -6 -50 54 -8 -50 60
4 7 -6 -50 54 -3 -50 53 -3 -48 53 -6 -48 54
5 8 -6 -50 54 -6 -48 54 -3 -50 53 -7 -50 57
4 7 -3 -50 53 0 -50 52 0 -48 52 -3 -48 53
5 8 -3 -50 53 -3 -48 53 0 -50 52 -6 -50 54
4 7 0 -50 52 3 -50 53 3 -48 53 0 -48 52
5 8 0 -50 52 0 -48 52 3 -50 53 -3 -50 53
4 7 3 -50 53 6 -50 54 6 -48 54 3 -48 53
5 8 3 -50 53 3 -48 53 6 -50 54 0 -50 52
4 7 6 -50 54 7 -50 57 7 -48 57 6 -48 54
5 8 6 -50 54 6 -48 54 7 -50 57 3 -50 53
4 7 7 -50 57 8 -50 60 8 -48 60 7 -48 57
5 8 7 -50 57 7 -48 57 8 -50 60 6 -50 54
4 7 8 -50 60 7 -50 63 7 -48 63 8 -48 60
5 8 8 -50 60 8 -48 60 7 -50 63 7 -50 57
4 7 7 -50 63 6 -50 66 6 -48 66 7 -48 63
5 8 7 -50 63 7 -48 63 6 -50 66 8 -50 60
4 7 6 -50 66 3 -50 67 3 -48 67 6 -48 66
5 8 6 -50 66 6 -48 66 3 -50 67 7 -50 63
4 7 3 -50 67 0 -50 68 0 -48 68 3 -48 67
5 8 3 -50 67 3 -48 67 0 -50 68 6 -50 66
4 7 0 -50 68 -3 -50 67 -3 -48 67 0 -48 68
5 8 0 -50 68 0 -48 68 -3 -50 67 3 -50 67
4 7 -3 -50 67 -6 -50 66 -6 -48 66 -3 -48 67
5 8 -3 -50 67 -3 -48 67 -6 -50 66 0 -50 68
4 7 -6 -50 66 -7 -50 63 -7 -48 63 -6 -48 66
5 8 -6 -50 66 -6 -48 66 -7 -50 63 -3 -50 67
4 7 -7 -50 63 -8 -50 60 -8 -48 60 -7 -48 63
5 8 -7 -50 63 -7 -48 63 -8 -50 60 -6 -50 66


2 8 0 -68 54 -2 -68 54
2 8 -2 -68 54 -4 -68 56
2 8 -4 -68 56 -6 -68 58
2 8 -6 -68 58 -6 -68 59
2 8 -6 -68 59 -6 -60 59
2 8 -6 -60 59 -6 -60 60
2 8 0 -68 54 2 -68 54
2 8 2 -68 54 4 -68 56
2 8 4 -68 56 6 -68 58
2 8 6 -68 58 6 -68 59
2 8 6 -68 59 6 -60 59
2 8 6 -60 59 6 -60 60
2 8 0 -68 66 -2 -68 66
2 8 -2 -68 66 -4 -68 64
2 8 -4 -68 64 -6 -68 62
2 8 -6 -68 62 -6 -68 61
2 8 -6 -68 61 -6 -60 61
2 8 -6 -60 61 -6 -60 60
2 8 0 -68 66 2 -68 66
2 8 2 -68 66 4 -68 64
2 8 4 -68 64 6 -68 62
2 8 6 -68 62 6 -68 61
2 8 6 -68 61 6 -60 61
2 8 6 -60 61 6 -60 60

2 8 0 -68 56 -2 -68 56
2 8 -2 -68 56 -3 -68 57
2 8 -3 -68 57 -4 -68 58
2 8 -4 -68 58 -4 -68 59
2 8 -4 -68 59 -4 -60 59
2 8 -4 -60 59 -4 -60 60
2 8 0 -68 56 2 -68 56
2 8 2 -68 56 3 -68 57
2 8 3 -68 57 4 -68 58
2 8 4 -68 58 4 -68 59
2 8 4 -68 59 4 -60 59
2 8 4 -60 59 4 -60 60
2 8 0 -68 64 -2 -68 64
2 8 -2 -68 64 -3 -68 63
2 8 -3 -68 63 -4 -68 62
2 8 -4 -68 62 -4 -68 61
2 8 -4 -68 61 -4 -60 61
2 8 -4 -60 61 -4 -60 60
2 8 0 -68 64 2 -68 64
2 8 2 -68 64 3 -68 63
2 8 3 -68 63 4 -68 62
2 8 4 -68 62 4 -68 61
2 8 4 -68 61 4 -60 61
2 8 4 -60 61 4 -60 60

2 8 -4 -68 59 -6 -68 59
2 8 -4 -60 59 -6 -60 59
2 8 4 -68 59 6 -68 59
2 8 4 -60 59 6 -60 59
2 8 -4 -68 61 -6 -68 61
2 8 -4 -60 61 -6 -60 61
2 8 4 -68 61 6 -68 61
2 8 4 -60 61 6 -60 61

4 7 0 -68 54 0 -68 56 -2 -68 56 -2 -68 54
4 7 -2 -68 54 -2 -68 56 -3 -68 57 -4 -68 56
4 7 -4 -68 56 -3 -68 57 -4 -68 58 -6 -68 58
4 7 -6 -68 58 -4 -68 58 -4 -68 59 -6 -68 59
4 7 -6 -68 59 -4 -68 59 -4 -60 59 -6 -60 59
4 7 -6 -60 59 -4 -60 59 -4 -60 60 -6 -60 60
4 7 0 -68 54 0 -68 56 2 -68 56 2 -68 54
4 7 2 -68 54 2 -68 56 3 -68 57 4 -68 56
4 7 4 -68 56 3 -68 57 4 -68 58 6 -68 58
4 7 6 -68 58 4 -68 58 4 -68 59 6 -68 59
4 7 6 -68 59 4 -68 59 4 -60 59 6 -60 59
4 7 6 -60 59 4 -60 59 4 -60 60 6 -60 60
4 7 0 -68 66 0 -68 64 -2 -68 64 -2 -68 66
4 7 -2 -68 66 -2 -68 64 -3 -68 63 -4 -68 64
4 7 -4 -68 64 -3 -68 63 -4 -68 62 -6 -68 62
4 7 -6 -68 62 -4 -68 62 -4 -68 61 -6 -68 61
4 7 -6 -68 61 -4 -68 61 -4 -60 61 -6 -60 61
4 7 -6 -60 61 -4 -60 61 -4 -60 60 -6 -60 60
4 7 0 -68 66 0 -68 64 2 -68 64 2 -68 66
4 7 2 -68 66 2 -68 64 3 -68 63 4 -68 64
4 7 4 -68 64 3 -68 63 4 -68 62 6 -68 62
4 7 6 -68 62 4 -68 62 4 -68 61 6 -68 61
4 7 6 -68 61 4 -68 61 4 -60 61 6 -60 61
4 7 6 -60 61 4 -60 61 4 -60 60 6 -60 60

4 7 0 -60 54 0 -68 54 -2 -68 54 -2 -60 54
4 7 -2 -60 54 -2 -68 54 -4 -68 56 -4 -60 56
4 7 -4 -60 56 -4 -68 56 -6 -68 58 -6 -60 58
4 7 -6 -60 58 -6 -68 58 -6 -68 59 -6 -60 59
4 7 0 -60 54 0 -68 54 2 -68 54 2 -60 54
4 7 2 -60 54 2 -68 54 4 -68 56 4 -60 56
4 7 4 -60 56 4 -68 56 6 -68 58 6 -60 58
4 7 6 -60 58 6 -68 58 6 -68 59 6 -60 59
4 7 0 -60 66 0 -68 66 -2 -68 66 -2 -60 66
4 7 -2 -60 66 -2 -68 66 -4 -68 64 -4 -60 64
4 7 -4 -60 64 -4 -68 64 -6 -68 62 -6 -60 62
4 7 -6 -60 62 -6 -68 62 -6 -68 61 -6 -60 61
4 7 0 -60 66 0 -68 66 2 -68 66 2 -60 66
4 7 2 -60 66 2 -68 66 4 -68 64 4 -60 64
4 7 4 -60 64 4 -68 64 6 -68 62 6 -60 62
4 7 6 -60 62 6 -68 62 6 -68 61 6 -60 61

4 7 0 -60 56 0 -68 56 -2 -68 56 -2 -60 56
4 7 -2 -60 56 -2 -68 56 -3 -68 57 -3 -60 57
4 7 -3 -60 57 -3 -68 57 -4 -68 58 -4 -60 58
4 7 -4 -60 58 -4 -68 58 -4 -68 59 -4 -60 59
4 7 0 -60 56 0 -68 56 2 -68 56 2 -60 56
4 7 2 -60 56 2 -68 56 3 -68 57 3 -60 57
4 7 3 -60 57 3 -68 57 4 -68 58 4 -60 58
4 7 4 -60 58 4 -68 58 4 -68 59 4 -60 59
4 7 0 -60 64 0 -68 64 -2 -68 64 -2 -60 64
4 7 -2 -60 64 -2 -68 64 -3 -68 63 -3 -60 63
4 7 -3 -60 63 -3 -68 63 -4 -68 62 -4 -60 62
4 7 -4 -60 62 -4 -68 62 -4 -68 61 -4 -60 61
4 7 0 -60 64 0 -68 64 2 -68 64 2 -60 64
4 7 2 -60 64 2 -68 64 3 -68 63 3 -60 63
4 7 3 -60 63 3 -68 63 4 -68 62 4 -60 62
4 7 4 -60 62 4 -68 62 4 -68 61 4 -60 61

4 7 0 -50 54 2 -50 54 3 -50 53 0 -50 52
4 7 2 -50 54 4 -50 56 6 -50 54 3 -50 53
5 8 2 -68 56 2 -60 56 3 -68 57 0 -68 56
5 8 2 -68 54 2 -60 54 4 -68 56 0 -68 54
4 7 4 -50 56 6 -50 58 7 -50 57 6 -50 54
5 8 3 -68 57 3 -60 57 4 -68 58 2 -68 56
5 8 4 -68 56 4 -60 56 6 -68 58 2 -68 54
4 7 6 -50 58 6 -50 60 8 -50 60 7 -50 57
5 8 4 -68 58 4 -60 58 4 -68 60 3 -68 57
5 8 6 -68 58 6 -60 58 6 -68 60 4 -68 56
4 7 6 -50 60 6 -50 62 7 -50 63 8 -50 60
4 7 6 -50 62 4 -50 64 6 -50 66 7 -50 63
5 8 4 -68 62 4 -60 62 3 -68 63 4 -68 60
5 8 6 -68 62 6 -60 62 4 -68 64 6 -68 60
4 7 4 -50 64 2 -50 66 3 -50 67 6 -50 66
5 8 3 -68 63 3 -60 63 2 -68 64 4 -68 62
5 8 4 -68 64 4 -60 64 2 -68 66 6 -68 62
4 7 2 -50 66 0 -50 66 0 -50 68 3 -50 67
5 8 2 -68 64 2 -60 64 0 -68 64 3 -68 63
5 8 2 -68 66 2 -60 66 0 -68 66 4 -68 64
4 7 0 -50 66 -2 -50 66 -3 -50 67 0 -50 68
5 8 0 -68 64 0 -60 64 -2 -68 64 2 -68 64
5 8 0 -68 66 0 -60 66 -2 -68 66 2 -68 66
4 7 -2 -50 66 -4 -50 64 -6 -50 66 -3 -50 67
5 8 -2 -68 64 -2 -60 64 -3 -68 63 0 -68 64
5 8 -2 -68 66 -2 -60 66 -4 -68 64 0 -68 66
4 7 -4 -50 64 -6 -50 62 -7 -50 63 -6 -50 66
5 8 -3 -68 63 -3 -60 63 -4 -68 62 -2 -68 64
5 8 -4 -68 64 -4 -60 64 -6 -68 62 -2 -68 66
4 7 -6 -50 62 -6 -50 60 -8 -50 60 -7 -50 63
5 8 -4 -68 62 -4 -60 62 -4 -68 60 -3 -68 63
5 8 -6 -68 62 -6 -60 62 -6 -68 60 -4 -68 64
4 7 -6 -50 60 -6 -50 58 -7 -50 57 -8 -50 60
5 8 -4 -68 60 -4 -60 60 -4 -68 58 -4 -68 62
5 8 -6 -68 60 -6 -60 60 -6 -68 58 -6 -68 62
4 7 -6 -50 58 -4 -50 56 -6 -50 54 -7 -50 57
5 8 -4 -68 58 -4 -60 58 -3 -68 57 -4 -68 60
5 8 -6 -68 58 -6 -60 58 -4 -68 56 -6 -68 60
4 7 -4 -50 56 -2 -50 54 -3 -50 53 -6 -50 54
5 8 -3 -68 57 -3 -60 57 -2 -68 56 -4 -68 58
5 8 -4 -68 56 -4 -60 56 -2 -68 54 -6 -68 58
4 7 -2 -50 54 0 -50 54 0 -50 52 -3 -50 53
5 8 -2 -68 56 -2 -60 56 0 -68 56 -3 -68 57
5 8 -2 -68 54 -2 -60 54 0 -68 54 -4 -68 56


0
