0 Arapahoe Right Hand
0 Name: arapRhnd.dat
0 Author: Ben Vaughan
0 Unofficial Model
0 ROTATION CENTER 10 -54 1 1 "Custom"
0 ROTATION CONFIG 1 1
0 STEP
0 Inlined: 1 7 10 -22 1 1 0 0 0 1 0 0 0 1 970.DAT
0 Minifig Hips
0 Name: 970.dat
0 Author: Steve Bliss
0 Modified by: Chris Dee (chris_w_dee@hotmail.com)
0 Official LCad update 99-01

4 7 -8 -22 -9 -8 -16 -9 28 -16 -9 28 -22 -9
0 Inlined: 1 7 10 -22 1 1 0 0 0 1 0 0 0 1 s\970s01.dat
0 ~Subpart Minifig Hips without Decorated Surface
0 Name: 970s01.dat
0 Author: Steve Bliss
0 Modified by: Chris Dee (chris_w_dee@hotmail.com)
0 Official LCad update 99-01

2 8 -8 -22 -9 28 -22 -9
2 8 28 -22 -9 28 -22 11
2 8 28 -22 11 -8 -22 11
2 8 -8 -22 11 -8 -22 -9
4 7 -8 -22 -9 28 -22 -9 28 -22 11 -8 -22 11
2 8 -8 -22 -9 -8 -16 -9
2 8 28 -22 -9 28 -16 -9
2 8 -8 -16 -9 28 -16 -9

2 8 -8 -22 11 -8 -16 11
2 8 28 -22 11 28 -16 11
2 8 -8 -16 11 28 -16 11
4 7 -8 -22 11 -8 -16 11 28 -16 11 28 -22 11
2 8 28 -16 11 28 -16 8
2 8 28 -16 8 28 -16 7
2 8 28 -16 7 28 -18 4
2 8 28 -18 4 28 -19 1
2 8 28 -19 1 28 -18 -2
2 8 28 -18 -2 28 -16 -5
2 8 28 -16 -5 28 -16 -6
2 8 28 -16 -6 28 -16 -9
4 7 28 -16 11 28 -16 8 28 -22 8 28 -22 11
4 7 28 -16 8 28 -16 7 28 -22 7 28 -22 8
4 7 28 -16 7 28 -18 4 28 -22 4 28 -22 7
4 7 28 -18 4 28 -19 1 28 -22 1 28 -22 4
4 7 28 -19 1 28 -18 -2 28 -22 -2 28 -22 1
4 7 28 -18 -2 28 -16 -5 28 -22 -5 28 -22 -2
4 7 28 -16 -5 28 -16 -6 28 -22 -6 28 -22 -5
4 7 28 -16 -6 28 -16 -9 28 -22 -9 28 -22 -6
2 8 -8 -16 11 -8 -16 8
2 8 -8 -16 8 -8 -16 7
2 8 -8 -16 7 -8 -18 4
2 8 -8 -18 4 -8 -19 1
2 8 -8 -19 1 -8 -18 -2
2 8 -8 -18 -2 -8 -16 -5
2 8 -8 -16 -5 -8 -16 -6
2 8 -8 -16 -6 -8 -16 -9
4 7 -8 -16 11 -8 -16 8 -8 -22 8 -8 -22 11
4 7 -8 -16 8 -8 -16 7 -8 -22 7 -8 -22 8
4 7 -8 -16 7 -8 -18 4 -8 -22 4 -8 -22 7
4 7 -8 -18 4 -8 -19 1 -8 -22 1 -8 -22 4
4 7 -8 -19 1 -8 -18 -2 -8 -22 -2 -8 -22 1
4 7 -8 -18 -2 -8 -16 -5 -8 -22 -5 -8 -22 -2
4 7 -8 -16 -5 -8 -16 -6 -8 -22 -6 -8 -22 -5
4 7 -8 -16 -6 -8 -16 -9 -8 -22 -9 -8 -22 -6
2 8 -8 -16 8 28 -16 8
2 8 -8 -16 -6 28 -16 -6
4 7 -8 -16 11 -8 -16 8 28 -16 8 28 -16 11
4 7 -8 -16 8 -8 -16 7 28 -16 7 28 -16 8
4 7 -8 -16 7 -8 -18 4 28 -18 4 28 -16 7
4 7 -8 -18 4 -8 -19 1 28 -19 1 28 -18 4
4 7 -8 -19 1 -8 -18 -2 28 -18 -2 28 -19 1
4 7 -8 -18 -2 -8 -16 -5 28 -16 -5 28 -18 -2
4 7 -8 -16 -5 -8 -16 -6 28 -16 -6 28 -16 -5
4 7 -8 -16 -9 -8 -16 -6 28 -16 -6 28 -16 -9
2 8 23 -22 -5 17 -22 -5
2 8 17 -22 -5 16 -22 -3
2 8 16 -22 -3 14 -22 -2
2 8 14 -22 -2 14 -22 4
2 8 14 -22 4 16 -22 5
2 8 16 -22 5 17 -22 7
2 8 17 -22 7 23 -22 7
2 8 23 -22 7 24 -22 5
2 8 24 -22 5 26 -22 4
2 8 26 -22 4 26 -22 -2
2 8 26 -22 -2 24 -22 -3
2 8 24 -22 -3 23 -22 -5
2 8 23 -22 -5 23 -33 -5
2 8 17 -22 -5 17 -33 -5
2 8 14 -22 -2 14 -33 -2
2 8 14 -22 4 14 -33 4
2 8 17 -22 7 17 -33 7
2 8 23 -22 7 23 -33 7
2 8 26 -22 4 26 -26 4
2 8 26 -26 4 24 -33 5
2 8 26 -22 -2 26 -26 -2
2 8 26 -26 -2 24 -33 -3
2 8 24 -33 -3 23 -33 -5
2 8 23 -33 -5 17 -33 -5
2 8 17 -33 -5 16 -33 -3
2 8 16 -33 -3 14 -33 -2
2 8 14 -33 -2 14 -33 4
2 8 14 -33 4 16 -33 5
2 8 16 -33 5 17 -33 7
2 8 17 -33 7 23 -33 7
2 8 23 -33 7 24 -33 5
2 8 24 -33 5 24 -33 -3
2 8 26 -26 -2 26 -26 4
4 7 24 -22 -3 23 -22 -5 23 -33 -5 24 -33 -3
4 7 23 -22 -5 17 -22 -5 17 -33 -5 23 -33 -5
4 7 17 -22 -5 16 -22 -3 16 -33 -3 17 -33 -5
4 7 16 -22 -3 14 -22 -2 14 -33 -2 16 -33 -3
4 7 14 -22 -2 14 -22 4 14 -33 4 14 -33 -2
4 7 14 -22 4 16 -22 5 16 -33 5 14 -33 4
4 7 16 -22 5 17 -22 7 17 -33 7 16 -33 5
4 7 17 -22 7 23 -22 7 23 -33 7 17 -33 7
4 7 23 -22 7 24 -22 5 24 -33 5 23 -33 7
4 7 24 -22 5 26 -22 4 26 -26 4 24 -26 5
3 7 24 -26 5 26 -26 4 24 -33 5
4 7 26 -22 -2 26 -22 4 26 -26 4 26 -26 -2
4 7 26 -26 -2 26 -26 4 24 -33 5 24 -33 -3
4 7 26 -22 -2 24 -22 -3 24 -26 -3 26 -26 -2
3 7 24 -26 -3 26 -26 -2 24 -33 -3
4 7 24 -33 1 24 -33 3 24 -33 5 24 -33 1
3 7 24 -33 3 23 -33 4 24 -33 5
4 7 23 -33 4 22 -33 5 23 -33 7 24 -33 5
4 7 22 -33 5 20 -33 5 20 -33 7 23 -33 7
4 7 20 -33 5 18 -33 5 17 -33 7 20 -33 7
4 7 18 -33 5 17 -33 4 16 -33 5 17 -33 7
4 7 17 -33 4 16 -33 3 14 -33 4 16 -33 5
4 7 16 -33 3 16 -33 1 14 -33 1 14 -33 4
4 7 16 -33 1 16 -33 -1 14 -33 -2 14 -33 1
4 7 16 -33 -1 17 -33 -2 16 -33 -3 14 -33 -2
4 7 17 -33 -2 18 -33 -3 17 -33 -5 16 -33 -3
4 7 18 -33 -3 20 -33 -3 20 -33 -5 17 -33 -5
4 7 20 -33 -3 22 -33 -3 23 -33 -5 20 -33 -5
4 7 22 -33 -3 23 -33 -2 24 -33 -3 23 -33 -5
3 7 23 -33 -2 24 -33 -1 24 -33 -3
4 7 24 -33 -1 24 -33 1 24 -33 1 24 -33 -3
0 Inlined: 1 7 20 -33 1 3 0 -3 0 11 0 3 0 3 3-4cyli.dat
4 7 23 -33 4 22 -33 5 22 -22 5 23 -22 4
5 8 23 -33 4 23 -22 4 22 -33 5 24 -33 3
4 7 22 -33 5 20 -33 5 20 -22 5 22 -22 5
5 8 22 -33 5 22 -22 5 20 -33 5 23 -33 4
4 7 20 -33 5 18 -33 5 18 -22 5 20 -22 5
5 8 20 -33 5 20 -22 5 18 -33 5 22 -33 5
4 7 18 -33 5 17 -33 4 17 -22 4 18 -22 5
5 8 18 -33 5 18 -22 5 17 -33 4 20 -33 5
4 7 17 -33 4 16 -33 3 16 -22 3 17 -22 4
5 8 17 -33 4 17 -22 4 16 -33 3 18 -33 5
4 7 16 -33 3 16 -33 1 16 -22 1 16 -22 3
5 8 16 -33 3 16 -22 3 16 -33 1 17 -33 4
4 7 16 -33 1 16 -33 -1 16 -22 -1 16 -22 1
5 8 16 -33 1 16 -22 1 16 -33 -1 16 -33 3
4 7 16 -33 -1 17 -33 -2 17 -22 -2 16 -22 -1
5 8 16 -33 -1 16 -22 -1 17 -33 -2 16 -33 1
4 7 17 -33 -2 18 -33 -3 18 -22 -3 17 -22 -2
5 8 17 -33 -2 17 -22 -2 18 -33 -3 16 -33 -1
4 7 18 -33 -3 20 -33 -3 20 -22 -3 18 -22 -3
5 8 18 -33 -3 18 -22 -3 20 -33 -3 17 -33 -2
4 7 20 -33 -3 22 -33 -3 22 -22 -3 20 -22 -3
5 8 20 -33 -3 20 -22 -3 22 -33 -3 18 -33 -3
4 7 22 -33 -3 23 -33 -2 23 -22 -2 22 -22 -3
5 8 22 -33 -3 22 -22 -3 23 -33 -2 20 -33 -3

0 Inlined: 1 7 20 -33 1 3 0 -3 0 0 0 3 0 3 3-4edge.dat
2 8 23 -33 4 22 -33 5
2 8 22 -33 5 20 -33 5
2 8 20 -33 5 18 -33 5
2 8 18 -33 5 17 -33 4
2 8 17 -33 4 16 -33 3
2 8 16 -33 3 16 -33 1
2 8 16 -33 1 16 -33 -1
2 8 16 -33 -1 17 -33 -2
2 8 17 -33 -2 18 -33 -3
2 8 18 -33 -3 20 -33 -3
2 8 20 -33 -3 22 -33 -3
2 8 22 -33 -3 23 -33 -2

0 Inlined: 1 7 20 -22 1 3 0 -3 0 0 0 3 0 3 3-4edge.dat
2 8 23 -22 4 22 -22 5
2 8 22 -22 5 20 -22 5
2 8 20 -22 5 18 -22 5
2 8 18 -22 5 17 -22 4
2 8 17 -22 4 16 -22 3
2 8 16 -22 3 16 -22 1
2 8 16 -22 1 16 -22 -1
2 8 16 -22 -1 17 -22 -2
2 8 17 -22 -2 18 -22 -3
2 8 18 -22 -3 20 -22 -3
2 8 20 -22 -3 22 -22 -3
2 8 22 -22 -3 23 -22 -2

2 8 23 -33 3 23 -33 -2
2 8 23 -22 3 23 -22 -2
4 7 23 -33 3 23 -33 -2 23 -22 -2 23 -22 3
2 8 -3 -22 -5 3 -22 -5
2 8 3 -22 -5 4 -22 -3
2 8 4 -22 -3 6 -22 -2
2 8 6 -22 -2 6 -22 4
2 8 6 -22 4 4 -22 5
2 8 4 -22 5 3 -22 7
2 8 3 -22 7 -3 -22 7
2 8 -3 -22 7 -4 -22 5
2 8 -4 -22 5 -6 -22 4
2 8 -6 -22 4 -6 -22 -2
2 8 -6 -22 -2 -4 -22 -3
2 8 -4 -22 -3 -3 -22 -5
2 8 -3 -22 -5 -3 -33 -5
2 8 3 -22 -5 3 -33 -5
2 8 6 -22 -2 6 -33 -2
2 8 6 -22 4 6 -33 4
2 8 3 -22 7 3 -33 7
2 8 -3 -22 7 -3 -33 7
2 8 -6 -22 4 -6 -26 4
2 8 -6 -26 4 -4 -33 5
2 8 -6 -22 -2 -6 -26 -2
2 8 -6 -26 -2 -4 -33 -3
2 8 -4 -33 -3 -3 -33 -5
2 8 -3 -33 -5 3 -33 -5
2 8 3 -33 -5 4 -33 -3
2 8 4 -33 -3 6 -33 -2
2 8 6 -33 -2 6 -33 4
2 8 6 -33 4 4 -33 5
2 8 4 -33 5 3 -33 7
2 8 3 -33 7 -3 -33 7
2 8 -3 -33 7 -4 -33 5
2 8 -4 -33 5 -4 -33 -3
2 8 -6 -26 -2 -6 -26 4
4 7 -4 -22 -3 -3 -22 -5 -3 -33 -5 -4 -33 -3
4 7 -3 -22 -5 3 -22 -5 3 -33 -5 -3 -33 -5
4 7 3 -22 -5 4 -22 -3 4 -33 -3 3 -33 -5
4 7 4 -22 -3 6 -22 -2 6 -33 -2 4 -33 -3
4 7 6 -22 -2 6 -22 4 6 -33 4 6 -33 -2
4 7 6 -22 4 4 -22 5 4 -33 5 6 -33 4
4 7 4 -22 5 3 -22 7 3 -33 7 4 -33 5
4 7 3 -22 7 -3 -22 7 -3 -33 7 3 -33 7
4 7 -3 -22 7 -4 -22 5 -4 -33 5 -3 -33 7
4 7 -4 -22 5 -6 -22 4 -6 -26 4 -4 -26 5
3 7 -4 -26 5 -6 -26 4 -4 -33 5
4 7 -6 -22 -2 -6 -22 4 -6 -26 4 -6 -26 -2
4 7 -6 -26 -2 -6 -26 4 -4 -33 5 -4 -33 -3
4 7 -6 -22 -2 -4 -22 -3 -4 -26 -3 -6 -26 -2
3 7 -4 -26 -3 -4 -33 -3 -6 -26 -2
4 7 -4 -33 1 -4 -33 3 -4 -33 5 -4 -33 1
3 7 -4 -33 3 -3 -33 4 -4 -33 5
4 7 -3 -33 4 -2 -33 5 -3 -33 7 -4 -33 5
4 7 -2 -33 5 0 -33 5 0 -33 7 -3 -33 7
4 7 0 -33 5 2 -33 5 3 -33 7 0 -33 7
4 7 2 -33 5 3 -33 4 4 -33 5 3 -33 7
4 7 3 -33 4 4 -33 3 6 -33 4 4 -33 5
4 7 4 -33 3 4 -33 1 6 -33 1 6 -33 4
4 7 4 -33 1 4 -33 -1 6 -33 -2 6 -33 1
4 7 4 -33 -1 3 -33 -2 4 -33 -3 6 -33 -2
4 7 3 -33 -2 2 -33 -3 3 -33 -5 4 -33 -3
4 7 2 -33 -3 0 -33 -3 0 -33 -5 3 -33 -5
4 7 0 -33 -3 -2 -33 -3 -3 -33 -5 0 -33 -5
4 7 -2 -33 -3 -3 -33 -2 -4 -33 -3 -3 -33 -5
3 7 -3 -33 -2 -4 -33 -1 -4 -33 -3
4 7 -4 -33 -1 -4 -33 1 -4 -33 1 -4 -33 -3
0 Inlined: 1 7 0 -33 1 -3 0 3 0 11 0 3 0 3 3-4cyli.dat
4 7 -3 -33 4 -2 -33 5 -2 -22 5 -3 -22 4
5 8 -3 -33 4 -3 -22 4 -2 -33 5 -4 -33 3
4 7 -2 -33 5 0 -33 5 0 -22 5 -2 -22 5
5 8 -2 -33 5 -2 -22 5 0 -33 5 -3 -33 4
4 7 0 -33 5 2 -33 5 2 -22 5 0 -22 5
5 8 0 -33 5 0 -22 5 2 -33 5 -2 -33 5
4 7 2 -33 5 3 -33 4 3 -22 4 2 -22 5
5 8 2 -33 5 2 -22 5 3 -33 4 0 -33 5
4 7 3 -33 4 4 -33 3 4 -22 3 3 -22 4
5 8 3 -33 4 3 -22 4 4 -33 3 2 -33 5
4 7 4 -33 3 4 -33 1 4 -22 1 4 -22 3
5 8 4 -33 3 4 -22 3 4 -33 1 3 -33 4
4 7 4 -33 1 4 -33 -1 4 -22 -1 4 -22 1
5 8 4 -33 1 4 -22 1 4 -33 -1 4 -33 3
4 7 4 -33 -1 3 -33 -2 3 -22 -2 4 -22 -1
5 8 4 -33 -1 4 -22 -1 3 -33 -2 4 -33 1
4 7 3 -33 -2 2 -33 -3 2 -22 -3 3 -22 -2
5 8 3 -33 -2 3 -22 -2 2 -33 -3 4 -33 -1
4 7 2 -33 -3 0 -33 -3 0 -22 -3 2 -22 -3
5 8 2 -33 -3 2 -22 -3 0 -33 -3 3 -33 -2
4 7 0 -33 -3 -2 -33 -3 -2 -22 -3 0 -22 -3
5 8 0 -33 -3 0 -22 -3 -2 -33 -3 2 -33 -3
4 7 -2 -33 -3 -3 -33 -2 -3 -22 -2 -2 -22 -3
5 8 -2 -33 -3 -2 -22 -3 -3 -33 -2 0 -33 -3

0 Inlined: 1 7 0 -33 1 -3 0 3 0 0 0 3 0 3 3-4edge.dat
2 8 -3 -33 4 -2 -33 5
2 8 -2 -33 5 0 -33 5
2 8 0 -33 5 2 -33 5
2 8 2 -33 5 3 -33 4
2 8 3 -33 4 4 -33 3
2 8 4 -33 3 4 -33 1
2 8 4 -33 1 4 -33 -1
2 8 4 -33 -1 3 -33 -2
2 8 3 -33 -2 2 -33 -3
2 8 2 -33 -3 0 -33 -3
2 8 0 -33 -3 -2 -33 -3
2 8 -2 -33 -3 -3 -33 -2

0 Inlined: 1 7 0 -22 1 -3 0 3 0 0 0 3 0 3 3-4edge.dat
2 8 -3 -22 4 -2 -22 5
2 8 -2 -22 5 0 -22 5
2 8 0 -22 5 2 -22 5
2 8 2 -22 5 3 -22 4
2 8 3 -22 4 4 -22 3
2 8 4 -22 3 4 -22 1
2 8 4 -22 1 4 -22 -1
2 8 4 -22 -1 3 -22 -2
2 8 3 -22 -2 2 -22 -3
2 8 2 -22 -3 0 -22 -3
2 8 0 -22 -3 -2 -22 -3
2 8 -2 -22 -3 -3 -22 -2

2 8 -3 -33 3 -3 -33 -2
2 8 -3 -22 3 -3 -22 -2
2 8 -3 -33 3 -3 -22 3
2 8 -3 -33 -2 -3 -22 -2
4 7 -3 -33 3 -3 -33 -2 -3 -22 -2 -3 -22 3
0 Inlined: 1 7 8 -10 1 0 4 0 9 0 0 0 0 9 4-4cyli.dat
0 Official LCad update 98-10

4 7 8 -1 1 8 -2 4 12 -2 4 12 -1 1
5 8 8 -1 1 12 -1 1 8 -2 4 8 -2 -2
4 7 8 -2 4 8 -4 7 12 -4 7 12 -2 4
5 8 8 -2 4 12 -2 4 8 -4 7 8 -1 1
4 7 8 -4 7 8 -7 9 12 -7 9 12 -4 7
5 8 8 -4 7 12 -4 7 8 -7 9 8 -2 4
4 7 8 -7 9 8 -10 10 12 -10 10 12 -7 9
5 8 8 -7 9 12 -7 9 8 -10 10 8 -4 7
4 7 8 -10 10 8 -13 9 12 -13 9 12 -10 10
5 8 8 -10 10 12 -10 10 8 -13 9 8 -7 9
4 7 8 -13 9 8 -16 7 12 -16 7 12 -13 9
5 8 8 -13 9 12 -13 9 8 -16 7 8 -10 10
4 7 8 -16 7 8 -18 4 12 -18 4 12 -16 7
5 8 8 -16 7 12 -16 7 8 -18 4 8 -13 9
4 7 8 -18 4 8 -19 1 12 -19 1 12 -18 4
5 8 8 -18 4 12 -18 4 8 -19 1 8 -16 7
4 7 8 -19 1 8 -18 -2 12 -18 -2 12 -19 1
5 8 8 -19 1 12 -19 1 8 -18 -2 8 -18 4
4 7 8 -18 -2 8 -16 -5 12 -16 -5 12 -18 -2
5 8 8 -18 -2 12 -18 -2 8 -16 -5 8 -19 1
4 7 8 -16 -5 8 -13 -7 12 -13 -7 12 -16 -5
5 8 8 -16 -5 12 -16 -5 8 -13 -7 8 -18 -2
4 7 8 -13 -7 8 -10 -8 12 -10 -8 12 -13 -7
5 8 8 -13 -7 12 -13 -7 8 -10 -8 8 -16 -5
4 7 8 -10 -8 8 -7 -7 12 -7 -7 12 -10 -8
5 8 8 -10 -8 12 -10 -8 8 -7 -7 8 -13 -7
4 7 8 -7 -7 8 -4 -5 12 -4 -5 12 -7 -7
5 8 8 -7 -7 12 -7 -7 8 -4 -5 8 -10 -8
4 7 8 -4 -5 8 -2 -2 12 -2 -2 12 -4 -5
5 8 8 -4 -5 12 -4 -5 8 -2 -2 8 -7 -7
4 7 8 -2 -2 8 -1 1 12 -1 1 12 -2 -2
5 8 8 -2 -2 12 -2 -2 8 -1 1 8 -4 -5

0 Inlined: 1 7 8 -10 1 0 0 0 9 0 0 0 0 9 4-4edge.dat
0 Official LCad update 98-10

2 8 8 -1 1 8 -2 4
2 8 8 -2 4 8 -4 7
2 8 8 -4 7 8 -7 9
2 8 8 -7 9 8 -10 10
2 8 8 -10 10 8 -13 9
2 8 8 -13 9 8 -16 7
2 8 8 -16 7 8 -18 4
2 8 8 -18 4 8 -19 1
2 8 8 -19 1 8 -18 -2
2 8 8 -18 -2 8 -16 -5
2 8 8 -16 -5 8 -13 -7
2 8 8 -13 -7 8 -10 -8
2 8 8 -10 -8 8 -7 -7
2 8 8 -7 -7 8 -4 -5
2 8 8 -4 -5 8 -2 -2
2 8 8 -2 -2 8 -1 1

0 Inlined: 1 7 12 -10 1 0 0 0 9 0 0 0 0 9 4-4edge.dat
0 Official LCad update 98-10

2 8 12 -1 1 12 -2 4
2 8 12 -2 4 12 -4 7
2 8 12 -4 7 12 -7 9
2 8 12 -7 9 12 -10 10
2 8 12 -10 10 12 -13 9
2 8 12 -13 9 12 -16 7
2 8 12 -16 7 12 -18 4
2 8 12 -18 4 12 -19 1
2 8 12 -19 1 12 -18 -2
2 8 12 -18 -2 12 -16 -5
2 8 12 -16 -5 12 -13 -7
2 8 12 -13 -7 12 -10 -8
2 8 12 -10 -8 12 -7 -7
2 8 12 -7 -7 12 -4 -5
2 8 12 -4 -5 12 -2 -2
2 8 12 -2 -2 12 -1 1

0 Inlined: 1 7 8 -10 1 0 0 0 9 0 0 0 0 9 4-4disc.dat
0 Disc
0 Official LCad update 98-10

3 7 8 -10 1 8 -1 1 8 -2 4
3 7 8 -10 1 8 -2 4 8 -4 7
3 7 8 -10 1 8 -4 7 8 -7 9
3 7 8 -10 1 8 -7 9 8 -10 10
3 7 8 -10 1 8 -10 10 8 -13 9
3 7 8 -10 1 8 -13 9 8 -16 7
3 7 8 -10 1 8 -16 7 8 -18 4
3 7 8 -10 1 8 -18 4 8 -19 1
3 7 8 -10 1 8 -19 1 8 -18 -2
3 7 8 -10 1 8 -18 -2 8 -16 -5
3 7 8 -10 1 8 -16 -5 8 -13 -7
3 7 8 -10 1 8 -13 -7 8 -10 -8
3 7 8 -10 1 8 -10 -8 8 -7 -7
3 7 8 -10 1 8 -7 -7 8 -4 -5
3 7 8 -10 1 8 -4 -5 8 -2 -2
3 7 8 -10 1 8 -2 -2 8 -1 1

0 Inlined: 1 7 12 -10 1 0 0 0 9 0 0 0 0 9 4-4disc.dat
0 Disc
0 Official LCad update 98-10

3 7 12 -10 1 12 -1 1 12 -2 4
3 7 12 -10 1 12 -2 4 12 -4 7
3 7 12 -10 1 12 -4 7 12 -7 9
3 7 12 -10 1 12 -7 9 12 -10 10
3 7 12 -10 1 12 -10 10 12 -13 9
3 7 12 -10 1 12 -13 9 12 -16 7
3 7 12 -10 1 12 -16 7 12 -18 4
3 7 12 -10 1 12 -18 4 12 -19 1
3 7 12 -10 1 12 -19 1 12 -18 -2
3 7 12 -10 1 12 -18 -2 12 -16 -5
3 7 12 -10 1 12 -16 -5 12 -13 -7
3 7 12 -10 1 12 -13 -7 12 -10 -8
3 7 12 -10 1 12 -10 -8 12 -7 -7
3 7 12 -10 1 12 -7 -7 12 -4 -5
3 7 12 -10 1 12 -4 -5 12 -2 -2
3 7 12 -10 1 12 -2 -2 12 -1 1

0 Inlined: 1 7 0 -10 1 0 20 0 3 0 0 0 0 3 4-4cyli.dat
0 Official LCad update 98-10

4 7 0 -7 1 0 -7 2 20 -7 2 20 -7 1
5 8 0 -7 1 20 -7 1 0 -7 2 0 -7 0
4 7 0 -7 2 0 -8 3 20 -8 3 20 -7 2
5 8 0 -7 2 20 -7 2 0 -8 3 0 -7 1
4 7 0 -8 3 0 -9 4 20 -9 4 20 -8 3
5 8 0 -8 3 20 -8 3 0 -9 4 0 -7 2
4 7 0 -9 4 0 -10 4 20 -10 4 20 -9 4
5 8 0 -9 4 20 -9 4 0 -10 4 0 -8 3
4 7 0 -10 4 0 -11 4 20 -11 4 20 -10 4
5 8 0 -10 4 20 -10 4 0 -11 4 0 -9 4
4 7 0 -11 4 0 -12 3 20 -12 3 20 -11 4
5 8 0 -11 4 20 -11 4 0 -12 3 0 -10 4
4 7 0 -12 3 0 -13 2 20 -13 2 20 -12 3
5 8 0 -12 3 20 -12 3 0 -13 2 0 -11 4
4 7 0 -13 2 0 -13 1 20 -13 1 20 -13 2
5 8 0 -13 2 20 -13 2 0 -13 1 0 -12 3
4 7 0 -13 1 0 -13 0 20 -13 0 20 -13 1
5 8 0 -13 1 20 -13 1 0 -13 0 0 -13 2
4 7 0 -13 0 0 -12 -1 20 -12 -1 20 -13 0
5 8 0 -13 0 20 -13 0 0 -12 -1 0 -13 1
4 7 0 -12 -1 0 -11 -2 20 -11 -2 20 -12 -1
5 8 0 -12 -1 20 -12 -1 0 -11 -2 0 -13 0
4 7 0 -11 -2 0 -10 -2 20 -10 -2 20 -11 -2
5 8 0 -11 -2 20 -11 -2 0 -10 -2 0 -12 -1
4 7 0 -10 -2 0 -9 -2 20 -9 -2 20 -10 -2
5 8 0 -10 -2 20 -10 -2 0 -9 -2 0 -11 -2
4 7 0 -9 -2 0 -8 -1 20 -8 -1 20 -9 -2
5 8 0 -9 -2 20 -9 -2 0 -8 -1 0 -10 -2
4 7 0 -8 -1 0 -7 0 20 -7 0 20 -8 -1
5 8 0 -8 -1 20 -8 -1 0 -7 0 0 -9 -2
4 7 0 -7 0 0 -7 1 20 -7 1 20 -7 0
5 8 0 -7 0 20 -7 0 0 -7 1 0 -8 -1

0 Inlined: 1 7 0 -10 1 0 0 0 3 0 0 0 0 3 4-4edge.dat
0 Official LCad update 98-10

2 8 0 -7 1 0 -7 2
2 8 0 -7 2 0 -8 3
2 8 0 -8 3 0 -9 4
2 8 0 -9 4 0 -10 4
2 8 0 -10 4 0 -11 4
2 8 0 -11 4 0 -12 3
2 8 0 -12 3 0 -13 2
2 8 0 -13 2 0 -13 1
2 8 0 -13 1 0 -13 0
2 8 0 -13 0 0 -12 -1
2 8 0 -12 -1 0 -11 -2
2 8 0 -11 -2 0 -10 -2
2 8 0 -10 -2 0 -9 -2
2 8 0 -9 -2 0 -8 -1
2 8 0 -8 -1 0 -7 0
2 8 0 -7 0 0 -7 1

0 Inlined: 1 7 0 -10 1 0 0 0 3 0 0 0 0 3 4-4disc.dat
0 Disc
0 Official LCad update 98-10

3 7 0 -10 1 0 -7 1 0 -7 2
3 7 0 -10 1 0 -7 2 0 -8 3
3 7 0 -10 1 0 -8 3 0 -9 4
3 7 0 -10 1 0 -9 4 0 -10 4
3 7 0 -10 1 0 -10 4 0 -11 4
3 7 0 -10 1 0 -11 4 0 -12 3
3 7 0 -10 1 0 -12 3 0 -13 2
3 7 0 -10 1 0 -13 2 0 -13 1
3 7 0 -10 1 0 -13 1 0 -13 0
3 7 0 -10 1 0 -13 0 0 -12 -1
3 7 0 -10 1 0 -12 -1 0 -11 -2
3 7 0 -10 1 0 -11 -2 0 -10 -2
3 7 0 -10 1 0 -10 -2 0 -9 -2
3 7 0 -10 1 0 -9 -2 0 -8 -1
3 7 0 -10 1 0 -8 -1 0 -7 0
3 7 0 -10 1 0 -7 0 0 -7 1

0 Inlined: 1 7 20 -10 1 0 0 0 3 0 0 0 0 3 4-4edge.dat
0 Official LCad update 98-10

2 8 20 -7 1 20 -7 2
2 8 20 -7 2 20 -8 3
2 8 20 -8 3 20 -9 4
2 8 20 -9 4 20 -10 4
2 8 20 -10 4 20 -11 4
2 8 20 -11 4 20 -12 3
2 8 20 -12 3 20 -13 2
2 8 20 -13 2 20 -13 1
2 8 20 -13 1 20 -13 0
2 8 20 -13 0 20 -12 -1
2 8 20 -12 -1 20 -11 -2
2 8 20 -11 -2 20 -10 -2
2 8 20 -10 -2 20 -9 -2
2 8 20 -9 -2 20 -8 -1
2 8 20 -8 -1 20 -7 0
2 8 20 -7 0 20 -7 1

0 Inlined: 1 7 20 -10 1 0 0 0 3 0 0 0 0 3 4-4disc.dat
0 Disc
0 Official LCad update 98-10

3 7 20 -10 1 20 -7 1 20 -7 2
3 7 20 -10 1 20 -7 2 20 -8 3
3 7 20 -10 1 20 -8 3 20 -9 4
3 7 20 -10 1 20 -9 4 20 -10 4
3 7 20 -10 1 20 -10 4 20 -11 4
3 7 20 -10 1 20 -11 4 20 -12 3
3 7 20 -10 1 20 -12 3 20 -13 2
3 7 20 -10 1 20 -13 2 20 -13 1
3 7 20 -10 1 20 -13 1 20 -13 0
3 7 20 -10 1 20 -13 0 20 -12 -1
3 7 20 -10 1 20 -12 -1 20 -11 -2
3 7 20 -10 1 20 -11 -2 20 -10 -2
3 7 20 -10 1 20 -10 -2 20 -9 -2
3 7 20 -10 1 20 -9 -2 20 -8 -1
3 7 20 -10 1 20 -8 -1 20 -7 0
3 7 20 -10 1 20 -7 0 20 -7 1

0 Inlined: 1 7 8 -10 1 0 0 0 3 0 0 0 0 3 4-4edge.dat
0 Official LCad update 98-10

2 8 8 -7 1 8 -7 2
2 8 8 -7 2 8 -8 3
2 8 8 -8 3 8 -9 4
2 8 8 -9 4 8 -10 4
2 8 8 -10 4 8 -11 4
2 8 8 -11 4 8 -12 3
2 8 8 -12 3 8 -13 2
2 8 8 -13 2 8 -13 1
2 8 8 -13 1 8 -13 0
2 8 8 -13 0 8 -12 -1
2 8 8 -12 -1 8 -11 -2
2 8 8 -11 -2 8 -10 -2
2 8 8 -10 -2 8 -9 -2
2 8 8 -9 -2 8 -8 -1
2 8 8 -8 -1 8 -7 0
2 8 8 -7 0 8 -7 1

0 Inlined: 1 7 12 -10 1 0 0 0 3 0 0 0 0 3 4-4edge.dat
0 Official LCad update 98-10

2 8 12 -7 1 12 -7 2
2 8 12 -7 2 12 -8 3
2 8 12 -8 3 12 -9 4
2 8 12 -9 4 12 -10 4
2 8 12 -10 4 12 -11 4
2 8 12 -11 4 12 -12 3
2 8 12 -12 3 12 -13 2
2 8 12 -13 2 12 -13 1
2 8 12 -13 1 12 -13 0
2 8 12 -13 0 12 -12 -1
2 8 12 -12 -1 12 -11 -2
2 8 12 -11 -2 12 -10 -2
2 8 12 -10 -2 12 -9 -2
2 8 12 -9 -2 12 -8 -1
2 8 12 -8 -1 12 -7 0
2 8 12 -7 0 12 -7 1

0

0

0 STEP
0 STEP
0 Inlined: 1 7 0 -46 1 1 0 0 0 1 0 0 0 1 3040.DAT
0 Slope Brick 45  2 x  1

0 Inlined: 1 7 0 -26 -9 1 0 0 0 -1 0 0 0 1 stud3a.dat
0 Inlined: 1 7 0 -22 -9 4 0 0 0 0 0 0 0 4 4-4edge.dat
0 Official LCad update 98-10

2 8 4 -22 -9 4 -22 -7
2 8 4 -22 -7 3 -22 -6
2 8 3 -22 -6 2 -22 -5
2 8 2 -22 -5 0 -22 -5
2 8 0 -22 -5 -2 -22 -5
2 8 -2 -22 -5 -3 -22 -6
2 8 -3 -22 -6 -4 -22 -7
2 8 -4 -22 -7 -4 -22 -9
2 8 -4 -22 -9 -4 -22 -11
2 8 -4 -22 -11 -3 -22 -12
2 8 -3 -22 -12 -2 -22 -13
2 8 -2 -22 -13 0 -22 -13
2 8 0 -22 -13 2 -22 -13
2 8 2 -22 -13 3 -22 -12
2 8 3 -22 -12 4 -22 -11
2 8 4 -22 -11 4 -22 -9

0 Inlined: 1 7 0 -22 -9 4 0 0 0 0 0 0 0 4 4-4disc.dat
0 Disc
0 Official LCad update 98-10

3 7 0 -22 -9 4 -22 -9 4 -22 -7
3 7 0 -22 -9 4 -22 -7 3 -22 -6
3 7 0 -22 -9 3 -22 -6 2 -22 -5
3 7 0 -22 -9 2 -22 -5 0 -22 -5
3 7 0 -22 -9 0 -22 -5 -2 -22 -5
3 7 0 -22 -9 -2 -22 -5 -3 -22 -6
3 7 0 -22 -9 -3 -22 -6 -4 -22 -7
3 7 0 -22 -9 -4 -22 -7 -4 -22 -9
3 7 0 -22 -9 -4 -22 -9 -4 -22 -11
3 7 0 -22 -9 -4 -22 -11 -3 -22 -12
3 7 0 -22 -9 -3 -22 -12 -2 -22 -13
3 7 0 -22 -9 -2 -22 -13 0 -22 -13
3 7 0 -22 -9 0 -22 -13 2 -22 -13
3 7 0 -22 -9 2 -22 -13 3 -22 -12
3 7 0 -22 -9 3 -22 -12 4 -22 -11
3 7 0 -22 -9 4 -22 -11 4 -22 -9

0 Inlined: 1 7 0 -22 -9 4 0 0 0 -4 0 0 0 4 4-4cyli.dat
0 Official LCad update 98-10

4 7 4 -22 -9 4 -22 -7 4 -26 -7 4 -26 -9
5 8 4 -22 -9 4 -26 -9 4 -22 -7 4 -22 -11
4 7 4 -22 -7 3 -22 -6 3 -26 -6 4 -26 -7
5 8 4 -22 -7 4 -26 -7 3 -22 -6 4 -22 -9
4 7 3 -22 -6 2 -22 -5 2 -26 -5 3 -26 -6
5 8 3 -22 -6 3 -26 -6 2 -22 -5 4 -22 -7
4 7 2 -22 -5 0 -22 -5 0 -26 -5 2 -26 -5
5 8 2 -22 -5 2 -26 -5 0 -22 -5 3 -22 -6
4 7 0 -22 -5 -2 -22 -5 -2 -26 -5 0 -26 -5
5 8 0 -22 -5 0 -26 -5 -2 -22 -5 2 -22 -5
4 7 -2 -22 -5 -3 -22 -6 -3 -26 -6 -2 -26 -5
5 8 -2 -22 -5 -2 -26 -5 -3 -22 -6 0 -22 -5
4 7 -3 -22 -6 -4 -22 -7 -4 -26 -7 -3 -26 -6
5 8 -3 -22 -6 -3 -26 -6 -4 -22 -7 -2 -22 -5
4 7 -4 -22 -7 -4 -22 -9 -4 -26 -9 -4 -26 -7
5 8 -4 -22 -7 -4 -26 -7 -4 -22 -9 -3 -22 -6
4 7 -4 -22 -9 -4 -22 -11 -4 -26 -11 -4 -26 -9
5 8 -4 -22 -9 -4 -26 -9 -4 -22 -11 -4 -22 -7
4 7 -4 -22 -11 -3 -22 -12 -3 -26 -12 -4 -26 -11
5 8 -4 -22 -11 -4 -26 -11 -3 -22 -12 -4 -22 -9
4 7 -3 -22 -12 -2 -22 -13 -2 -26 -13 -3 -26 -12
5 8 -3 -22 -12 -3 -26 -12 -2 -22 -13 -4 -22 -11
4 7 -2 -22 -13 0 -22 -13 0 -26 -13 -2 -26 -13
5 8 -2 -22 -13 -2 -26 -13 0 -22 -13 -3 -22 -12
4 7 0 -22 -13 2 -22 -13 2 -26 -13 0 -26 -13
5 8 0 -22 -13 0 -26 -13 2 -22 -13 -2 -22 -13
4 7 2 -22 -13 3 -22 -12 3 -26 -12 2 -26 -13
5 8 2 -22 -13 2 -26 -13 3 -22 -12 0 -22 -13
4 7 3 -22 -12 4 -22 -11 4 -26 -11 3 -26 -12
5 8 3 -22 -12 3 -26 -12 4 -22 -11 2 -22 -13
4 7 4 -22 -11 4 -22 -9 4 -26 -9 4 -26 -11
5 8 4 -22 -11 4 -26 -11 4 -22 -9 3 -22 -12


0 Inlined: 1 7 0 -42 -9 4 0 0 0 0 0 0 0 4 2-4edge.dat
2 8 4 -42 -9 4 -42 -7
2 8 4 -42 -7 3 -42 -6
2 8 3 -42 -6 2 -42 -5
2 8 2 -42 -5 0 -42 -5
2 8 0 -42 -5 -2 -42 -5
2 8 -2 -42 -5 -3 -42 -6
2 8 -3 -42 -6 -4 -42 -7
2 8 -4 -42 -7 -4 -42 -9

0 Inlined: 1 7 0 -42 -9 4 0 0 0 0 4 0 0 -4 2-4edge.dat
2 8 4 -42 -9 4 -40 -11
2 8 4 -40 -11 3 -39 -12
2 8 3 -39 -12 2 -38 -13
2 8 2 -38 -13 0 -38 -13
2 8 0 -38 -13 -2 -38 -13
2 8 -2 -38 -13 -3 -39 -12
2 8 -3 -39 -12 -4 -40 -11
2 8 -4 -40 -11 -4 -42 -9

0 Inlined: 1 7 0 -38 -9 0 0 4 0 -4 0 -4 0 0 1-4cyls.dat
0 1-4 Cylinder Sloped
0 Official LCad update 98-10

3 7 0 -38 -13 2 -38 -13 2 -38 -13
4 7 2 -38 -13 3 -38 -12 3 -39 -12 2 -38 -13
4 7 3 -38 -12 4 -38 -11 4 -40 -11 3 -39 -12
4 7 4 -38 -11 4 -38 -9 4 -42 -9 4 -40 -11

5 8 2 -38 -13 2 -38 -13 3 -38 -12 0 -38 -13
5 8 3 -38 -12 3 -39 -12 4 -38 -11 2 -38 -13
5 8 4 -38 -11 4 -40 -11 4 -38 -9 3 -38 -12
5 8 4 -38 -9 4 -42 -9 4 -38 -11 4 -38 -5

0 Inlined: 1 7 0 -38 -9 0 0 -4 0 -4 0 -4 0 0 1-4cyls.dat
0 1-4 Cylinder Sloped
0 Official LCad update 98-10

3 7 0 -38 -13 -2 -38 -13 -2 -38 -13
4 7 -2 -38 -13 -3 -38 -12 -3 -39 -12 -2 -38 -13
4 7 -3 -38 -12 -4 -38 -11 -4 -40 -11 -3 -39 -12
4 7 -4 -38 -11 -4 -38 -9 -4 -42 -9 -4 -40 -11

5 8 -2 -38 -13 -2 -38 -13 -3 -38 -12 0 -38 -13
5 8 -3 -38 -12 -3 -39 -12 -4 -38 -11 -2 -38 -13
5 8 -4 -38 -11 -4 -40 -11 -4 -38 -9 -3 -38 -12
5 8 -4 -38 -9 -4 -42 -9 -4 -38 -11 -4 -38 -5

0 Inlined: 1 7 0 -42 -9 4 0 0 0 16 0 0 0 4 2-4cyli.dat
4 7 4 -42 -9 4 -42 -7 4 -26 -7 4 -26 -9
5 8 4 -42 -9 4 -26 -9 4 -42 -7 4 -42 -11
4 7 4 -42 -7 3 -42 -6 3 -26 -6 4 -26 -7
5 8 4 -42 -7 4 -26 -7 3 -42 -6 4 -42 -9
4 7 3 -42 -6 2 -42 -5 2 -26 -5 3 -26 -6
5 8 3 -42 -6 3 -26 -6 2 -42 -5 4 -42 -7
4 7 2 -42 -5 0 -42 -5 0 -26 -5 2 -26 -5
5 8 2 -42 -5 2 -26 -5 0 -42 -5 3 -42 -6
4 7 0 -42 -5 -2 -42 -5 -2 -26 -5 0 -26 -5
5 8 0 -42 -5 0 -26 -5 -2 -42 -5 2 -42 -5
4 7 -2 -42 -5 -3 -42 -6 -3 -26 -6 -2 -26 -5
5 8 -2 -42 -5 -2 -26 -5 -3 -42 -6 0 -42 -5
4 7 -3 -42 -6 -4 -42 -7 -4 -26 -7 -3 -26 -6
5 8 -3 -42 -6 -3 -26 -6 -4 -42 -7 -2 -42 -5
4 7 -4 -42 -7 -4 -42 -9 -4 -26 -9 -4 -26 -7
5 8 -4 -42 -7 -4 -26 -7 -4 -42 -9 -3 -42 -6

0 Inlined: 1 7 0 -38 -9 4 0 0 0 12 0 0 0 -4 2-4cyli.dat
4 7 4 -38 -9 4 -38 -11 4 -26 -11 4 -26 -9
5 8 4 -38 -9 4 -26 -9 4 -38 -11 4 -38 -7
4 7 4 -38 -11 3 -38 -12 3 -26 -12 4 -26 -11
5 8 4 -38 -11 4 -26 -11 3 -38 -12 4 -38 -9
4 7 3 -38 -12 2 -38 -13 2 -26 -13 3 -26 -12
5 8 3 -38 -12 3 -26 -12 2 -38 -13 4 -38 -11
4 7 2 -38 -13 0 -38 -13 0 -26 -13 2 -26 -13
5 8 2 -38 -13 2 -26 -13 0 -38 -13 3 -38 -12
4 7 0 -38 -13 -2 -38 -13 -2 -26 -13 0 -26 -13
5 8 0 -38 -13 0 -26 -13 -2 -38 -13 2 -38 -13
4 7 -2 -38 -13 -3 -38 -12 -3 -26 -12 -2 -26 -13
5 8 -2 -38 -13 -2 -26 -13 -3 -38 -12 0 -38 -13
4 7 -3 -38 -12 -4 -38 -11 -4 -26 -11 -3 -26 -12
5 8 -3 -38 -12 -3 -26 -12 -4 -38 -11 -2 -38 -13
4 7 -4 -38 -11 -4 -38 -9 -4 -26 -9 -4 -26 -11
5 8 -4 -38 -11 -4 -26 -11 -4 -38 -9 -3 -38 -12


2 8 6 -22 7 -6 -22 7
2 8 -6 -22 7 -6 -22 -25
2 8 -6 -22 -25 6 -22 -25
2 8 6 -22 -25 6 -22 7

2 8 10 -22 11 -10 -22 11
2 8 -10 -22 11 -10 -22 -29
2 8 -10 -22 -29 10 -22 -29
2 8 10 -22 -29 10 -22 11

2 8 6 -22 7 6 -42 7
2 8 -6 -22 7 -6 -42 7
2 8 6 -22 -25 6 -26 -25
2 8 -6 -22 -25 -6 -26 -25
2 8 6 -42 7 -6 -42 7
2 8 6 -42 -9 -6 -42 -9
2 8 6 -26 -25 -6 -26 -25
2 8 6 -42 7 6 -42 -9
2 8 -6 -42 7 -6 -42 -9
2 8 6 -26 -25 6 -42 -9
2 8 -6 -26 -25 -6 -42 -9

2 8 10 -22 11 10 -46 11
2 8 -10 -22 11 -10 -46 11
2 8 10 -22 -29 10 -26 -29
2 8 -10 -22 -29 -10 -26 -29
2 8 10 -46 11 -10 -46 11
2 8 10 -46 -9 -10 -46 -9
2 8 10 -26 -29 -10 -26 -29
2 8 10 -46 11 10 -46 -9
2 8 -10 -46 11 -10 -46 -9
2 8 10 -26 -29 10 -46 -9
2 8 -10 -26 -29 -10 -46 -9

4 7 10 -22 11 6 -22 7 -6 -22 7 -10 -22 11
4 7 -10 -22 11 -6 -22 7 -6 -22 -25 -10 -22 -29
4 7 -10 -22 -29 -6 -22 -25 6 -22 -25 10 -22 -29
4 7 10 -22 -29 6 -22 -25 6 -22 7 10 -22 11
4 7 6 -42 7 6 -42 -9 -6 -42 -9 -6 -42 7
4 7 10 -46 11 10 -46 -9 -10 -46 -9 -10 -46 11

4 7 10 -22 11 10 -46 11 -10 -46 11 -10 -22 11
4 7 6 -22 7 6 -42 7 -6 -42 7 -6 -22 7
4 7 6 -22 -25 6 -26 -25 -6 -26 -25 -6 -22 -25
4 7 10 -22 -29 10 -26 -29 -10 -26 -29 -10 -22 -29

4 7 10 -22 11 10 -46 11 10 -26 -29 10 -22 -29
3 7 10 -46 11 10 -46 -9 10 -26 -29
4 7 6 -22 7 6 -42 7 6 -26 -25 6 -22 -25
3 7 6 -42 7 6 -42 -9 6 -26 -25
4 7 -6 -22 7 -6 -42 7 -6 -26 -25 -6 -22 -25
3 7 -6 -42 7 -6 -42 -9 -6 -26 -25
4 7 -10 -22 11 -10 -46 11 -10 -26 -29 -10 -22 -29
3 7 -10 -46 11 -10 -46 -9 -10 -26 -29

4 7 6 -26 -25 6 -42 -9 -6 -42 -9 -6 -26 -25
4 7 10 -26 -29 10 -46 -9 -10 -46 -9 -10 -26 -29

0 Inlined: 1 7 0 -46 1 1 0 0 0 1 0 0 0 1 stud.dat
0 Inlined: 1 7 0 -46 1 6 0 0 0 0 0 0 0 6 4-4edge.dat
0 Official LCad update 98-10

2 8 6 -46 1 6 -46 3
2 8 6 -46 3 4 -46 5
2 8 4 -46 5 2 -46 7
2 8 2 -46 7 0 -46 7
2 8 0 -46 7 -2 -46 7
2 8 -2 -46 7 -4 -46 5
2 8 -4 -46 5 -6 -46 3
2 8 -6 -46 3 -6 -46 1
2 8 -6 -46 1 -6 -46 -1
2 8 -6 -46 -1 -4 -46 -3
2 8 -4 -46 -3 -2 -46 -5
2 8 -2 -46 -5 0 -46 -5
2 8 0 -46 -5 2 -46 -5
2 8 2 -46 -5 4 -46 -3
2 8 4 -46 -3 6 -46 -1
2 8 6 -46 -1 6 -46 1

0 Inlined: 1 7 0 -50 1 6 0 0 0 0 0 0 0 6 4-4edge.dat
0 Official LCad update 98-10

2 8 6 -50 1 6 -50 3
2 8 6 -50 3 4 -50 5
2 8 4 -50 5 2 -50 7
2 8 2 -50 7 0 -50 7
2 8 0 -50 7 -2 -50 7
2 8 -2 -50 7 -4 -50 5
2 8 -4 -50 5 -6 -50 3
2 8 -6 -50 3 -6 -50 1
2 8 -6 -50 1 -6 -50 -1
2 8 -6 -50 -1 -4 -50 -3
2 8 -4 -50 -3 -2 -50 -5
2 8 -2 -50 -5 0 -50 -5
2 8 0 -50 -5 2 -50 -5
2 8 2 -50 -5 4 -50 -3
2 8 4 -50 -3 6 -50 -1
2 8 6 -50 -1 6 -50 1

0 Inlined: 1 7 0 -46 1 6 0 0 0 -4 0 0 0 6 4-4cyli.dat
0 Official LCad update 98-10

4 7 6 -46 1 6 -46 3 6 -50 3 6 -50 1
5 8 6 -46 1 6 -50 1 6 -46 3 6 -46 -1
4 7 6 -46 3 4 -46 5 4 -50 5 6 -50 3
5 8 6 -46 3 6 -50 3 4 -46 5 6 -46 1
4 7 4 -46 5 2 -46 7 2 -50 7 4 -50 5
5 8 4 -46 5 4 -50 5 2 -46 7 6 -46 3
4 7 2 -46 7 0 -46 7 0 -50 7 2 -50 7
5 8 2 -46 7 2 -50 7 0 -46 7 4 -46 5
4 7 0 -46 7 -2 -46 7 -2 -50 7 0 -50 7
5 8 0 -46 7 0 -50 7 -2 -46 7 2 -46 7
4 7 -2 -46 7 -4 -46 5 -4 -50 5 -2 -50 7
5 8 -2 -46 7 -2 -50 7 -4 -46 5 0 -46 7
4 7 -4 -46 5 -6 -46 3 -6 -50 3 -4 -50 5
5 8 -4 -46 5 -4 -50 5 -6 -46 3 -2 -46 7
4 7 -6 -46 3 -6 -46 1 -6 -50 1 -6 -50 3
5 8 -6 -46 3 -6 -50 3 -6 -46 1 -4 -46 5
4 7 -6 -46 1 -6 -46 -1 -6 -50 -1 -6 -50 1
5 8 -6 -46 1 -6 -50 1 -6 -46 -1 -6 -46 3
4 7 -6 -46 -1 -4 -46 -3 -4 -50 -3 -6 -50 -1
5 8 -6 -46 -1 -6 -50 -1 -4 -46 -3 -6 -46 1
4 7 -4 -46 -3 -2 -46 -5 -2 -50 -5 -4 -50 -3
5 8 -4 -46 -3 -4 -50 -3 -2 -46 -5 -6 -46 -1
4 7 -2 -46 -5 0 -46 -5 0 -50 -5 -2 -50 -5
5 8 -2 -46 -5 -2 -50 -5 0 -46 -5 -4 -46 -3
4 7 0 -46 -5 2 -46 -5 2 -50 -5 0 -50 -5
5 8 0 -46 -5 0 -50 -5 2 -46 -5 -2 -46 -5
4 7 2 -46 -5 4 -46 -3 4 -50 -3 2 -50 -5
5 8 2 -46 -5 2 -50 -5 4 -46 -3 0 -46 -5
4 7 4 -46 -3 6 -46 -1 6 -50 -1 4 -50 -3
5 8 4 -46 -3 4 -50 -3 6 -46 -1 2 -46 -5
4 7 6 -46 -1 6 -46 1 6 -50 1 6 -50 -1
5 8 6 -46 -1 6 -50 -1 6 -46 1 4 -46 -3

0 Inlined: 1 7 0 -50 1 6 0 0 0 0 0 0 0 6 4-4disc.dat
0 Disc
0 Official LCad update 98-10

3 7 0 -50 1 6 -50 1 6 -50 3
3 7 0 -50 1 6 -50 3 4 -50 5
3 7 0 -50 1 4 -50 5 2 -50 7
3 7 0 -50 1 2 -50 7 0 -50 7
3 7 0 -50 1 0 -50 7 -2 -50 7
3 7 0 -50 1 -2 -50 7 -4 -50 5
3 7 0 -50 1 -4 -50 5 -6 -50 3
3 7 0 -50 1 -6 -50 3 -6 -50 1
3 7 0 -50 1 -6 -50 1 -6 -50 -1
3 7 0 -50 1 -6 -50 -1 -4 -50 -3
3 7 0 -50 1 -4 -50 -3 -2 -50 -5
3 7 0 -50 1 -2 -50 -5 0 -50 -5
3 7 0 -50 1 0 -50 -5 2 -50 -5
3 7 0 -50 1 2 -50 -5 4 -50 -3
3 7 0 -50 1 4 -50 -3 6 -50 -1
3 7 0 -50 1 6 -50 -1 6 -50 1



0 Inlined: 1 7 20 -46 1 1 0 0 0 1 0 0 0 1 3005.DAT
0 Brick  1 x  1

0 Inlined: 1 7 20 -22 1 6 0 0 0 -20 0 0 0 6 box5.dat
2 8 26 -42 7 14 -42 7
2 8 14 -42 7 14 -42 -5
2 8 14 -42 -5 26 -42 -5
2 8 26 -42 -5 26 -42 7
2 8 26 -22 7 14 -22 7
2 8 14 -22 7 14 -22 -5
2 8 14 -22 -5 26 -22 -5
2 8 26 -22 -5 26 -22 7
2 8 26 -22 7 26 -42 7
2 8 14 -22 7 14 -42 7
2 8 26 -22 -5 26 -42 -5
2 8 14 -22 -5 14 -42 -5
4 7 26 -42 7 26 -42 -5 14 -42 -5 14 -42 7
4 7 26 -42 7 26 -22 7 14 -22 7 14 -42 7
4 7 14 -42 7 14 -22 7 14 -22 -5 14 -42 -5
4 7 14 -42 -5 14 -22 -5 26 -22 -5 26 -42 -5
4 7 26 -42 -5 26 -22 -5 26 -22 7 26 -42 7


4 7 30 -22 11 26 -22 7 14 -22 7 10 -22 11
4 7 10 -22 11 14 -22 7 14 -22 -5 10 -22 -9
4 7 10 -22 -9 14 -22 -5 26 -22 -5 30 -22 -9
4 7 30 -22 -9 26 -22 -5 26 -22 7 30 -22 11

0 Inlined: 1 7 20 -22 1 10 0 0 0 -24 0 0 0 10 box5.dat
2 8 30 -46 11 10 -46 11
2 8 10 -46 11 10 -46 -9
2 8 10 -46 -9 30 -46 -9
2 8 30 -46 -9 30 -46 11
2 8 30 -22 11 10 -22 11
2 8 10 -22 11 10 -22 -9
2 8 10 -22 -9 30 -22 -9
2 8 30 -22 -9 30 -22 11
2 8 30 -22 11 30 -46 11
2 8 10 -22 11 10 -46 11
2 8 30 -22 -9 30 -46 -9
2 8 10 -22 -9 10 -46 -9
4 7 30 -46 11 30 -46 -9 10 -46 -9 10 -46 11
4 7 30 -46 11 30 -22 11 10 -22 11 10 -46 11
4 7 10 -46 11 10 -22 11 10 -22 -9 10 -46 -9
4 7 10 -46 -9 10 -22 -9 30 -22 -9 30 -46 -9
4 7 30 -46 -9 30 -22 -9 30 -22 11 30 -46 11


0 Inlined: 1 7 20 -46 1 1 0 0 0 1 0 0 0 1 stud.dat
0 Inlined: 1 7 20 -46 1 6 0 0 0 0 0 0 0 6 4-4edge.dat
0 Official LCad update 98-10

2 8 26 -46 1 26 -46 3
2 8 26 -46 3 24 -46 5
2 8 24 -46 5 22 -46 7
2 8 22 -46 7 20 -46 7
2 8 20 -46 7 18 -46 7
2 8 18 -46 7 16 -46 5
2 8 16 -46 5 14 -46 3
2 8 14 -46 3 14 -46 1
2 8 14 -46 1 14 -46 -1
2 8 14 -46 -1 16 -46 -3
2 8 16 -46 -3 18 -46 -5
2 8 18 -46 -5 20 -46 -5
2 8 20 -46 -5 22 -46 -5
2 8 22 -46 -5 24 -46 -3
2 8 24 -46 -3 26 -46 -1
2 8 26 -46 -1 26 -46 1

0 Inlined: 1 7 20 -50 1 6 0 0 0 0 0 0 0 6 4-4edge.dat
0 Official LCad update 98-10

2 8 26 -50 1 26 -50 3
2 8 26 -50 3 24 -50 5
2 8 24 -50 5 22 -50 7
2 8 22 -50 7 20 -50 7
2 8 20 -50 7 18 -50 7
2 8 18 -50 7 16 -50 5
2 8 16 -50 5 14 -50 3
2 8 14 -50 3 14 -50 1
2 8 14 -50 1 14 -50 -1
2 8 14 -50 -1 16 -50 -3
2 8 16 -50 -3 18 -50 -5
2 8 18 -50 -5 20 -50 -5
2 8 20 -50 -5 22 -50 -5
2 8 22 -50 -5 24 -50 -3
2 8 24 -50 -3 26 -50 -1
2 8 26 -50 -1 26 -50 1

0 Inlined: 1 7 20 -46 1 6 0 0 0 -4 0 0 0 6 4-4cyli.dat
0 Official LCad update 98-10

4 7 26 -46 1 26 -46 3 26 -50 3 26 -50 1
5 8 26 -46 1 26 -50 1 26 -46 3 26 -46 -1
4 7 26 -46 3 24 -46 5 24 -50 5 26 -50 3
5 8 26 -46 3 26 -50 3 24 -46 5 26 -46 1
4 7 24 -46 5 22 -46 7 22 -50 7 24 -50 5
5 8 24 -46 5 24 -50 5 22 -46 7 26 -46 3
4 7 22 -46 7 20 -46 7 20 -50 7 22 -50 7
5 8 22 -46 7 22 -50 7 20 -46 7 24 -46 5
4 7 20 -46 7 18 -46 7 18 -50 7 20 -50 7
5 8 20 -46 7 20 -50 7 18 -46 7 22 -46 7
4 7 18 -46 7 16 -46 5 16 -50 5 18 -50 7
5 8 18 -46 7 18 -50 7 16 -46 5 20 -46 7
4 7 16 -46 5 14 -46 3 14 -50 3 16 -50 5
5 8 16 -46 5 16 -50 5 14 -46 3 18 -46 7
4 7 14 -46 3 14 -46 1 14 -50 1 14 -50 3
5 8 14 -46 3 14 -50 3 14 -46 1 16 -46 5
4 7 14 -46 1 14 -46 -1 14 -50 -1 14 -50 1
5 8 14 -46 1 14 -50 1 14 -46 -1 14 -46 3
4 7 14 -46 -1 16 -46 -3 16 -50 -3 14 -50 -1
5 8 14 -46 -1 14 -50 -1 16 -46 -3 14 -46 1
4 7 16 -46 -3 18 -46 -5 18 -50 -5 16 -50 -3
5 8 16 -46 -3 16 -50 -3 18 -46 -5 14 -46 -1
4 7 18 -46 -5 20 -46 -5 20 -50 -5 18 -50 -5
5 8 18 -46 -5 18 -50 -5 20 -46 -5 16 -46 -3
4 7 20 -46 -5 22 -46 -5 22 -50 -5 20 -50 -5
5 8 20 -46 -5 20 -50 -5 22 -46 -5 18 -46 -5
4 7 22 -46 -5 24 -46 -3 24 -50 -3 22 -50 -5
5 8 22 -46 -5 22 -50 -5 24 -46 -3 20 -46 -5
4 7 24 -46 -3 26 -46 -1 26 -50 -1 24 -50 -3
5 8 24 -46 -3 24 -50 -3 26 -46 -1 22 -46 -5
4 7 26 -46 -1 26 -46 1 26 -50 1 26 -50 -1
5 8 26 -46 -1 26 -50 -1 26 -46 1 24 -46 -3

0 Inlined: 1 7 20 -50 1 6 0 0 0 0 0 0 0 6 4-4disc.dat
0 Disc
0 Official LCad update 98-10

3 7 20 -50 1 26 -50 1 26 -50 3
3 7 20 -50 1 26 -50 3 24 -50 5
3 7 20 -50 1 24 -50 5 22 -50 7
3 7 20 -50 1 22 -50 7 20 -50 7
3 7 20 -50 1 20 -50 7 18 -50 7
3 7 20 -50 1 18 -50 7 16 -50 5
3 7 20 -50 1 16 -50 5 14 -50 3
3 7 20 -50 1 14 -50 3 14 -50 1
3 7 20 -50 1 14 -50 1 14 -50 -1
3 7 20 -50 1 14 -50 -1 16 -50 -3
3 7 20 -50 1 16 -50 -3 18 -50 -5
3 7 20 -50 1 18 -50 -5 20 -50 -5
3 7 20 -50 1 20 -50 -5 22 -50 -5
3 7 20 -50 1 22 -50 -5 24 -50 -3
3 7 20 -50 1 24 -50 -3 26 -50 -1
3 7 20 -50 1 26 -50 -1 26 -50 1



0 Inlined: 1 7 10 -54 1 1 0 0 0 1 0 0 0 1 3794.DAT
0 Plate  1 x  2 with 1 Stud

0 Inlined: 1 7 10 -50 1 1 0 0 0 -1 0 0 0 1 stud3.dat
0 Inlined: 1 7 10 -46 1 4 0 0 0 0 0 0 0 4 4-4edge.dat
0 Official LCad update 98-10

2 8 14 -46 1 14 -46 3
2 8 14 -46 3 13 -46 4
2 8 13 -46 4 12 -46 5
2 8 12 -46 5 10 -46 5
2 8 10 -46 5 8 -46 5
2 8 8 -46 5 7 -46 4
2 8 7 -46 4 6 -46 3
2 8 6 -46 3 6 -46 1
2 8 6 -46 1 6 -46 -1
2 8 6 -46 -1 7 -46 -2
2 8 7 -46 -2 8 -46 -3
2 8 8 -46 -3 10 -46 -3
2 8 10 -46 -3 12 -46 -3
2 8 12 -46 -3 13 -46 -2
2 8 13 -46 -2 14 -46 -1
2 8 14 -46 -1 14 -46 1

0 Inlined: 1 7 10 -50 1 4 0 0 0 0 0 0 0 4 4-4edge.dat
0 Official LCad update 98-10

2 8 14 -50 1 14 -50 3
2 8 14 -50 3 13 -50 4
2 8 13 -50 4 12 -50 5
2 8 12 -50 5 10 -50 5
2 8 10 -50 5 8 -50 5
2 8 8 -50 5 7 -50 4
2 8 7 -50 4 6 -50 3
2 8 6 -50 3 6 -50 1
2 8 6 -50 1 6 -50 -1
2 8 6 -50 -1 7 -50 -2
2 8 7 -50 -2 8 -50 -3
2 8 8 -50 -3 10 -50 -3
2 8 10 -50 -3 12 -50 -3
2 8 12 -50 -3 13 -50 -2
2 8 13 -50 -2 14 -50 -1
2 8 14 -50 -1 14 -50 1

0 Inlined: 1 7 10 -46 1 4 0 0 0 0 0 0 0 4 4-4disc.dat
0 Disc
0 Official LCad update 98-10

3 7 10 -46 1 14 -46 1 14 -46 3
3 7 10 -46 1 14 -46 3 13 -46 4
3 7 10 -46 1 13 -46 4 12 -46 5
3 7 10 -46 1 12 -46 5 10 -46 5
3 7 10 -46 1 10 -46 5 8 -46 5
3 7 10 -46 1 8 -46 5 7 -46 4
3 7 10 -46 1 7 -46 4 6 -46 3
3 7 10 -46 1 6 -46 3 6 -46 1
3 7 10 -46 1 6 -46 1 6 -46 -1
3 7 10 -46 1 6 -46 -1 7 -46 -2
3 7 10 -46 1 7 -46 -2 8 -46 -3
3 7 10 -46 1 8 -46 -3 10 -46 -3
3 7 10 -46 1 10 -46 -3 12 -46 -3
3 7 10 -46 1 12 -46 -3 13 -46 -2
3 7 10 -46 1 13 -46 -2 14 -46 -1
3 7 10 -46 1 14 -46 -1 14 -46 1

0 Inlined: 1 7 10 -46 1 4 0 0 0 -4 0 0 0 4 4-4cyli.dat
0 Official LCad update 98-10

4 7 14 -46 1 14 -46 3 14 -50 3 14 -50 1
5 8 14 -46 1 14 -50 1 14 -46 3 14 -46 -1
4 7 14 -46 3 13 -46 4 13 -50 4 14 -50 3
5 8 14 -46 3 14 -50 3 13 -46 4 14 -46 1
4 7 13 -46 4 12 -46 5 12 -50 5 13 -50 4
5 8 13 -46 4 13 -50 4 12 -46 5 14 -46 3
4 7 12 -46 5 10 -46 5 10 -50 5 12 -50 5
5 8 12 -46 5 12 -50 5 10 -46 5 13 -46 4
4 7 10 -46 5 8 -46 5 8 -50 5 10 -50 5
5 8 10 -46 5 10 -50 5 8 -46 5 12 -46 5
4 7 8 -46 5 7 -46 4 7 -50 4 8 -50 5
5 8 8 -46 5 8 -50 5 7 -46 4 10 -46 5
4 7 7 -46 4 6 -46 3 6 -50 3 7 -50 4
5 8 7 -46 4 7 -50 4 6 -46 3 8 -46 5
4 7 6 -46 3 6 -46 1 6 -50 1 6 -50 3
5 8 6 -46 3 6 -50 3 6 -46 1 7 -46 4
4 7 6 -46 1 6 -46 -1 6 -50 -1 6 -50 1
5 8 6 -46 1 6 -50 1 6 -46 -1 6 -46 3
4 7 6 -46 -1 7 -46 -2 7 -50 -2 6 -50 -1
5 8 6 -46 -1 6 -50 -1 7 -46 -2 6 -46 1
4 7 7 -46 -2 8 -46 -3 8 -50 -3 7 -50 -2
5 8 7 -46 -2 7 -50 -2 8 -46 -3 6 -46 -1
4 7 8 -46 -3 10 -46 -3 10 -50 -3 8 -50 -3
5 8 8 -46 -3 8 -50 -3 10 -46 -3 7 -46 -2
4 7 10 -46 -3 12 -46 -3 12 -50 -3 10 -50 -3
5 8 10 -46 -3 10 -50 -3 12 -46 -3 8 -46 -3
4 7 12 -46 -3 13 -46 -2 13 -50 -2 12 -50 -3
5 8 12 -46 -3 12 -50 -3 13 -46 -2 10 -46 -3
4 7 13 -46 -2 14 -46 -1 14 -50 -1 13 -50 -2
5 8 13 -46 -2 13 -50 -2 14 -46 -1 12 -46 -3
4 7 14 -46 -1 14 -46 1 14 -50 1 14 -50 -1
5 8 14 -46 -1 14 -50 -1 14 -46 1 13 -46 -2



0 Inlined: 1 7 10 -46 1 16 0 0 0 -4 0 0 0 6 box5.dat
2 8 26 -50 7 -6 -50 7
2 8 -6 -50 7 -6 -50 -5
2 8 -6 -50 -5 26 -50 -5
2 8 26 -50 -5 26 -50 7
2 8 26 -46 7 -6 -46 7
2 8 -6 -46 7 -6 -46 -5
2 8 -6 -46 -5 26 -46 -5
2 8 26 -46 -5 26 -46 7
2 8 26 -46 7 26 -50 7
2 8 -6 -46 7 -6 -50 7
2 8 26 -46 -5 26 -50 -5
2 8 -6 -46 -5 -6 -50 -5
4 7 26 -50 7 26 -50 -5 -6 -50 -5 -6 -50 7
4 7 26 -50 7 26 -46 7 -6 -46 7 -6 -50 7
4 7 -6 -50 7 -6 -46 7 -6 -46 -5 -6 -50 -5
4 7 -6 -50 -5 -6 -46 -5 26 -46 -5 26 -50 -5
4 7 26 -50 -5 26 -46 -5 26 -46 7 26 -50 7


4 7 30 -46 11 26 -46 7 -6 -46 7 -10 -46 11
4 7 -10 -46 11 -6 -46 7 -6 -46 -5 -10 -46 -9
4 7 -10 -46 -9 -6 -46 -5 26 -46 -5 30 -46 -9
4 7 30 -46 -9 26 -46 -5 26 -46 7 30 -46 11

0 Inlined: 1 7 10 -46 1 20 0 0 0 -8 0 0 0 10 box5.dat
2 8 30 -54 11 -10 -54 11
2 8 -10 -54 11 -10 -54 -9
2 8 -10 -54 -9 30 -54 -9
2 8 30 -54 -9 30 -54 11
2 8 30 -46 11 -10 -46 11
2 8 -10 -46 11 -10 -46 -9
2 8 -10 -46 -9 30 -46 -9
2 8 30 -46 -9 30 -46 11
2 8 30 -46 11 30 -54 11
2 8 -10 -46 11 -10 -54 11
2 8 30 -46 -9 30 -54 -9
2 8 -10 -46 -9 -10 -54 -9
4 7 30 -54 11 30 -54 -9 -10 -54 -9 -10 -54 11
4 7 30 -54 11 30 -46 11 -10 -46 11 -10 -54 11
4 7 -10 -54 11 -10 -46 11 -10 -46 -9 -10 -54 -9
4 7 -10 -54 -9 -10 -46 -9 30 -46 -9 30 -54 -9
4 7 30 -54 -9 30 -46 -9 30 -46 11 30 -54 11


0 Inlined: 1 7 10 -54 1 1 0 0 0 1 0 0 0 1 stud2.dat
0 Stud 2
0 Name: stud2.dat
0 Author: Chris Dee
0 Official LCad update 99-05

0 Inlined: 1 7 10 -54 1 4 0 0 0 0 0 0 0 4 4-4edge.dat
0 Official LCad update 98-10

2 8 14 -54 1 14 -54 3
2 8 14 -54 3 13 -54 4
2 8 13 -54 4 12 -54 5
2 8 12 -54 5 10 -54 5
2 8 10 -54 5 8 -54 5
2 8 8 -54 5 7 -54 4
2 8 7 -54 4 6 -54 3
2 8 6 -54 3 6 -54 1
2 8 6 -54 1 6 -54 -1
2 8 6 -54 -1 7 -54 -2
2 8 7 -54 -2 8 -54 -3
2 8 8 -54 -3 10 -54 -3
2 8 10 -54 -3 12 -54 -3
2 8 12 -54 -3 13 -54 -2
2 8 13 -54 -2 14 -54 -1
2 8 14 -54 -1 14 -54 1

0 Inlined: 1 7 10 -54 1 6 0 0 0 0 0 0 0 6 4-4edge.dat
0 Official LCad update 98-10

2 8 16 -54 1 16 -54 3
2 8 16 -54 3 14 -54 5
2 8 14 -54 5 12 -54 7
2 8 12 -54 7 10 -54 7
2 8 10 -54 7 8 -54 7
2 8 8 -54 7 6 -54 5
2 8 6 -54 5 4 -54 3
2 8 4 -54 3 4 -54 1
2 8 4 -54 1 4 -54 -1
2 8 4 -54 -1 6 -54 -3
2 8 6 -54 -3 8 -54 -5
2 8 8 -54 -5 10 -54 -5
2 8 10 -54 -5 12 -54 -5
2 8 12 -54 -5 14 -54 -3
2 8 14 -54 -3 16 -54 -1
2 8 16 -54 -1 16 -54 1

0 Inlined: 1 7 10 -58 1 4 0 0 0 0 0 0 0 4 4-4edge.dat
0 Official LCad update 98-10

2 8 14 -58 1 14 -58 3
2 8 14 -58 3 13 -58 4
2 8 13 -58 4 12 -58 5
2 8 12 -58 5 10 -58 5
2 8 10 -58 5 8 -58 5
2 8 8 -58 5 7 -58 4
2 8 7 -58 4 6 -58 3
2 8 6 -58 3 6 -58 1
2 8 6 -58 1 6 -58 -1
2 8 6 -58 -1 7 -58 -2
2 8 7 -58 -2 8 -58 -3
2 8 8 -58 -3 10 -58 -3
2 8 10 -58 -3 12 -58 -3
2 8 12 -58 -3 13 -58 -2
2 8 13 -58 -2 14 -58 -1
2 8 14 -58 -1 14 -58 1

0 Inlined: 1 7 10 -58 1 6 0 0 0 0 0 0 0 6 4-4edge.dat
0 Official LCad update 98-10

2 8 16 -58 1 16 -58 3
2 8 16 -58 3 14 -58 5
2 8 14 -58 5 12 -58 7
2 8 12 -58 7 10 -58 7
2 8 10 -58 7 8 -58 7
2 8 8 -58 7 6 -58 5
2 8 6 -58 5 4 -58 3
2 8 4 -58 3 4 -58 1
2 8 4 -58 1 4 -58 -1
2 8 4 -58 -1 6 -58 -3
2 8 6 -58 -3 8 -58 -5
2 8 8 -58 -5 10 -58 -5
2 8 10 -58 -5 12 -58 -5
2 8 12 -58 -5 14 -58 -3
2 8 14 -58 -3 16 -58 -1
2 8 16 -58 -1 16 -58 1


0 Inlined: 1 7 10 -58 1 4 0 0 0 4 0 0 0 4 4-4cyli.dat
0 Official LCad update 98-10

4 7 14 -58 1 14 -58 3 14 -54 3 14 -54 1
5 8 14 -58 1 14 -54 1 14 -58 3 14 -58 -1
4 7 14 -58 3 13 -58 4 13 -54 4 14 -54 3
5 8 14 -58 3 14 -54 3 13 -58 4 14 -58 1
4 7 13 -58 4 12 -58 5 12 -54 5 13 -54 4
5 8 13 -58 4 13 -54 4 12 -58 5 14 -58 3
4 7 12 -58 5 10 -58 5 10 -54 5 12 -54 5
5 8 12 -58 5 12 -54 5 10 -58 5 13 -58 4
4 7 10 -58 5 8 -58 5 8 -54 5 10 -54 5
5 8 10 -58 5 10 -54 5 8 -58 5 12 -58 5
4 7 8 -58 5 7 -58 4 7 -54 4 8 -54 5
5 8 8 -58 5 8 -54 5 7 -58 4 10 -58 5
4 7 7 -58 4 6 -58 3 6 -54 3 7 -54 4
5 8 7 -58 4 7 -54 4 6 -58 3 8 -58 5
4 7 6 -58 3 6 -58 1 6 -54 1 6 -54 3
5 8 6 -58 3 6 -54 3 6 -58 1 7 -58 4
4 7 6 -58 1 6 -58 -1 6 -54 -1 6 -54 1
5 8 6 -58 1 6 -54 1 6 -58 -1 6 -58 3
4 7 6 -58 -1 7 -58 -2 7 -54 -2 6 -54 -1
5 8 6 -58 -1 6 -54 -1 7 -58 -2 6 -58 1
4 7 7 -58 -2 8 -58 -3 8 -54 -3 7 -54 -2
5 8 7 -58 -2 7 -54 -2 8 -58 -3 6 -58 -1
4 7 8 -58 -3 10 -58 -3 10 -54 -3 8 -54 -3
5 8 8 -58 -3 8 -54 -3 10 -58 -3 7 -58 -2
4 7 10 -58 -3 12 -58 -3 12 -54 -3 10 -54 -3
5 8 10 -58 -3 10 -54 -3 12 -58 -3 8 -58 -3
4 7 12 -58 -3 13 -58 -2 13 -54 -2 12 -54 -3
5 8 12 -58 -3 12 -54 -3 13 -58 -2 10 -58 -3
4 7 13 -58 -2 14 -58 -1 14 -54 -1 13 -54 -2
5 8 13 -58 -2 13 -54 -2 14 -58 -1 12 -58 -3
4 7 14 -58 -1 14 -58 1 14 -54 1 14 -54 -1
5 8 14 -58 -1 14 -54 -1 14 -58 1 13 -58 -2

0 Inlined: 1 7 10 -58 1 6 0 0 0 4 0 0 0 6 4-4cyli.dat
0 Official LCad update 98-10

4 7 16 -58 1 16 -58 3 16 -54 3 16 -54 1
5 8 16 -58 1 16 -54 1 16 -58 3 16 -58 -1
4 7 16 -58 3 14 -58 5 14 -54 5 16 -54 3
5 8 16 -58 3 16 -54 3 14 -58 5 16 -58 1
4 7 14 -58 5 12 -58 7 12 -54 7 14 -54 5
5 8 14 -58 5 14 -54 5 12 -58 7 16 -58 3
4 7 12 -58 7 10 -58 7 10 -54 7 12 -54 7
5 8 12 -58 7 12 -54 7 10 -58 7 14 -58 5
4 7 10 -58 7 8 -58 7 8 -54 7 10 -54 7
5 8 10 -58 7 10 -54 7 8 -58 7 12 -58 7
4 7 8 -58 7 6 -58 5 6 -54 5 8 -54 7
5 8 8 -58 7 8 -54 7 6 -58 5 10 -58 7
4 7 6 -58 5 4 -58 3 4 -54 3 6 -54 5
5 8 6 -58 5 6 -54 5 4 -58 3 8 -58 7
4 7 4 -58 3 4 -58 1 4 -54 1 4 -54 3
5 8 4 -58 3 4 -54 3 4 -58 1 6 -58 5
4 7 4 -58 1 4 -58 -1 4 -54 -1 4 -54 1
5 8 4 -58 1 4 -54 1 4 -58 -1 4 -58 3
4 7 4 -58 -1 6 -58 -3 6 -54 -3 4 -54 -1
5 8 4 -58 -1 4 -54 -1 6 -58 -3 4 -58 1
4 7 6 -58 -3 8 -58 -5 8 -54 -5 6 -54 -3
5 8 6 -58 -3 6 -54 -3 8 -58 -5 4 -58 -1
4 7 8 -58 -5 10 -58 -5 10 -54 -5 8 -54 -5
5 8 8 -58 -5 8 -54 -5 10 -58 -5 6 -58 -3
4 7 10 -58 -5 12 -58 -5 12 -54 -5 10 -54 -5
5 8 10 -58 -5 10 -54 -5 12 -58 -5 8 -58 -5
4 7 12 -58 -5 14 -58 -3 14 -54 -3 12 -54 -5
5 8 12 -58 -5 12 -54 -5 14 -58 -3 10 -58 -5
4 7 14 -58 -3 16 -58 -1 16 -54 -1 14 -54 -3
5 8 14 -58 -3 14 -54 -3 16 -58 -1 12 -58 -5
4 7 16 -58 -1 16 -58 1 16 -54 1 16 -54 -1
5 8 16 -58 -1 16 -54 -1 16 -58 1 14 -58 -3

0 Inlined: 1 7 10 -58 1 2 0 0 0 0 0 0 0 2 ring2.dat
0 Official LCad update 98-10

4 7 10 -58 5 8 -58 5 8 -58 7 10 -58 7
4 7 8 -58 5 7 -58 4 6 -58 5 8 -58 7
4 7 7 -58 4 6 -58 3 4 -58 3 6 -58 5
4 7 6 -58 3 6 -58 1 4 -58 1 4 -58 3
4 7 6 -58 1 6 -58 -1 4 -58 -1 4 -58 1
4 7 6 -58 -1 7 -58 -2 6 -58 -3 4 -58 -1
4 7 7 -58 -2 8 -58 -3 8 -58 -5 6 -58 -3
4 7 8 -58 -3 10 -58 -3 10 -58 -5 8 -58 -5
4 7 10 -58 -3 12 -58 -3 12 -58 -5 10 -58 -5
4 7 12 -58 -3 13 -58 -2 14 -58 -3 12 -58 -5
4 7 13 -58 -2 14 -58 -1 16 -58 -1 14 -58 -3
4 7 14 -58 -1 14 -58 1 16 -58 1 16 -58 -1
4 7 14 -58 1 14 -58 3 16 -58 3 16 -58 1
4 7 14 -58 3 13 -58 4 14 -58 5 16 -58 3
4 7 13 -58 4 12 -58 5 12 -58 7 14 -58 5
4 7 12 -58 5 10 -58 5 10 -58 7 12 -58 7

0


0
