0 Untitled
0 Name: fin2.dat
0 Author: MLCad
0 Unofficial Model
0 ROTATION CENTER 0 0 0 1 "Custom"
0 ROTATION CONFIG 0 1
0 Inlined: 1 7 -10 16 0 1 0 0 0 1 0 0 0 1 3938.DAT
0 Hinge  1 x  2 Top

0 Inlined: 1 7 -2 32 0 6 0 0 0 0 0 0 0 2 rect.dat
2 8 4 32 2 -8 32 2
2 8 -8 32 2 -8 32 -2
2 8 -8 32 -2 4 32 -2
2 8 4 32 -2 4 32 2
4 7 4 32 2 4 32 -2 -8 32 -2 -8 32 2

0 Inlined: 1 7 -18 32 0 6 0 0 0 0 0 0 0 2 rect.dat
2 8 -12 32 2 -24 32 2
2 8 -24 32 2 -24 32 -2
2 8 -24 32 -2 -12 32 -2
2 8 -12 32 -2 -12 32 2
4 7 -12 32 2 -12 32 -2 -24 32 -2 -24 32 2

0 Inlined: 1 7 -10 24 0 2 0 0 0 0 0 0 0 2 rect.dat
2 8 -8 24 2 -12 24 2
2 8 -12 24 2 -12 24 -2
2 8 -12 24 -2 -8 24 -2
2 8 -8 24 -2 -8 24 2
4 7 -8 24 2 -8 24 -2 -12 24 -2 -12 24 2


2 8 6 18 6 4 18 6
2 8 4 18 6 4 18 2
2 8 4 18 2 -24 18 2
2 8 -24 18 2 -24 18 6
2 8 -24 18 6 -26 18 6
2 8 -26 18 6 -26 18 -6
2 8 -26 18 -6 -24 18 -6
2 8 -24 18 -6 -24 18 -2
2 8 -24 18 -2 4 18 -2
2 8 4 18 -2 4 18 -6
2 8 4 18 -6 6 18 -6
2 8 6 18 -6 6 18 6

0 Inlined: 1 7 10 26 0 0 0 0 4 0 0 0 0 4 4-4edge.dat
0 Official LCad update 98-10

2 8 10 30 0 10 30 2
2 8 10 30 2 10 29 3
2 8 10 29 3 10 28 4
2 8 10 28 4 10 26 4
2 8 10 26 4 10 24 4
2 8 10 24 4 10 23 3
2 8 10 23 3 10 22 2
2 8 10 22 2 10 22 0
2 8 10 22 0 10 22 -2
2 8 10 22 -2 10 23 -3
2 8 10 23 -3 10 24 -4
2 8 10 24 -4 10 26 -4
2 8 10 26 -4 10 28 -4
2 8 10 28 -4 10 29 -3
2 8 10 29 -3 10 30 -2
2 8 10 30 -2 10 30 0

0 Inlined: 1 7 -30 26 0 0 0 0 4 0 0 0 0 4 4-4edge.dat
0 Official LCad update 98-10

2 8 -30 30 0 -30 30 2
2 8 -30 30 2 -30 29 3
2 8 -30 29 3 -30 28 4
2 8 -30 28 4 -30 26 4
2 8 -30 26 4 -30 24 4
2 8 -30 24 4 -30 23 3
2 8 -30 23 3 -30 22 2
2 8 -30 22 2 -30 22 0
2 8 -30 22 0 -30 22 -2
2 8 -30 22 -2 -30 23 -3
2 8 -30 23 -3 -30 24 -4
2 8 -30 24 -4 -30 26 -4
2 8 -30 26 -4 -30 28 -4
2 8 -30 28 -4 -30 29 -3
2 8 -30 29 -3 -30 30 -2
2 8 -30 30 -2 -30 30 0

0 Inlined: 1 7 6 26 0 0 0 0 4 0 0 0 0 4 4-4edge.dat
0 Official LCad update 98-10

2 8 6 30 0 6 30 2
2 8 6 30 2 6 29 3
2 8 6 29 3 6 28 4
2 8 6 28 4 6 26 4
2 8 6 26 4 6 24 4
2 8 6 24 4 6 23 3
2 8 6 23 3 6 22 2
2 8 6 22 2 6 22 0
2 8 6 22 0 6 22 -2
2 8 6 22 -2 6 23 -3
2 8 6 23 -3 6 24 -4
2 8 6 24 -4 6 26 -4
2 8 6 26 -4 6 28 -4
2 8 6 28 -4 6 29 -3
2 8 6 29 -3 6 30 -2
2 8 6 30 -2 6 30 0

0 Inlined: 1 7 -26 26 0 0 0 0 4 0 0 0 0 4 4-4edge.dat
0 Official LCad update 98-10

2 8 -26 30 0 -26 30 2
2 8 -26 30 2 -26 29 3
2 8 -26 29 3 -26 28 4
2 8 -26 28 4 -26 26 4
2 8 -26 26 4 -26 24 4
2 8 -26 24 4 -26 23 3
2 8 -26 23 3 -26 22 2
2 8 -26 22 2 -26 22 0
2 8 -26 22 0 -26 22 -2
2 8 -26 22 -2 -26 23 -3
2 8 -26 23 -3 -26 24 -4
2 8 -26 24 -4 -26 26 -4
2 8 -26 26 -4 -26 28 -4
2 8 -26 28 -4 -26 29 -3
2 8 -26 29 -3 -26 30 -2
2 8 -26 30 -2 -26 30 0

0 Inlined: 1 7 6 26 0 0 0 0 0 0 6 6 0 0 2-4edge.dat
2 8 6 26 6 6 28 6
2 8 6 28 6 6 30 4
2 8 6 30 4 6 32 2
2 8 6 32 2 6 32 0
2 8 6 32 0 6 32 -2
2 8 6 32 -2 6 30 -4
2 8 6 30 -4 6 28 -6
2 8 6 28 -6 6 26 -6

0 Inlined: 1 7 -26 26 0 0 0 0 0 0 6 6 0 0 2-4edge.dat
2 8 -26 26 6 -26 28 6
2 8 -26 28 6 -26 30 4
2 8 -26 30 4 -26 32 2
2 8 -26 32 2 -26 32 0
2 8 -26 32 0 -26 32 -2
2 8 -26 32 -2 -26 30 -4
2 8 -26 30 -4 -26 28 -6
2 8 -26 28 -6 -26 26 -6

0 Inlined: 1 7 4 26 0 0 0 0 0 0 6 6 0 0 2-4edge.dat
2 8 4 26 6 4 28 6
2 8 4 28 6 4 30 4
2 8 4 30 4 4 32 2
2 8 4 32 2 4 32 0
2 8 4 32 0 4 32 -2
2 8 4 32 -2 4 30 -4
2 8 4 30 -4 4 28 -6
2 8 4 28 -6 4 26 -6

0 Inlined: 1 7 -24 26 0 0 0 0 0 0 6 6 0 0 2-4edge.dat
2 8 -24 26 6 -24 28 6
2 8 -24 28 6 -24 30 4
2 8 -24 30 4 -24 32 2
2 8 -24 32 2 -24 32 0
2 8 -24 32 0 -24 32 -2
2 8 -24 32 -2 -24 30 -4
2 8 -24 30 -4 -24 28 -6
2 8 -24 28 -6 -24 26 -6


2 8 6 18 6 6 26 6
2 8 6 26 -6 6 18 -6
2 8 -26 18 6 -26 26 6
2 8 -26 26 -6 -26 18 -6
2 8 4 18 6 4 26 6
2 8 4 26 -6 4 18 -6
2 8 -24 18 6 -24 26 6
2 8 -24 26 -6 -24 18 -6

2 8 4 18 2 4 32 2
2 8 4 18 -2 4 32 -2
2 8 -8 24 2 -8 32 2
2 8 -8 24 -2 -8 32 -2

2 8 -24 18 2 -24 32 2
2 8 -24 18 -2 -24 32 -2
2 8 -12 24 2 -12 32 2
2 8 -12 24 -2 -12 32 -2

0 Inlined: 1 7 -10 17 0 20 0 0 0 1 0 0 0 10 box.dat
2 8 10 18 10 -30 18 10
2 8 -30 18 10 -30 18 -10
2 8 -30 18 -10 10 18 -10
2 8 10 18 -10 10 18 10
2 8 10 16 10 -30 16 10
2 8 -30 16 10 -30 16 -10
2 8 -30 16 -10 10 16 -10
2 8 10 16 -10 10 16 10
2 8 10 16 10 10 18 10
2 8 -30 16 10 -30 18 10
2 8 10 16 -10 10 18 -10
2 8 -30 16 -10 -30 18 -10
4 7 10 18 10 10 18 -10 -30 18 -10 -30 18 10
4 7 10 16 10 10 16 -10 -30 16 -10 -30 16 10
4 7 10 18 10 10 16 10 -30 16 10 -30 18 10
4 7 -30 18 10 -30 16 10 -30 16 -10 -30 18 -10
4 7 -30 18 -10 -30 16 -10 10 16 -10 10 18 -10
4 7 10 18 -10 10 16 -10 10 16 10 10 18 10


0 Inlined: 1 7 10 26 0 0 0 0 4 0 0 0 0 4 4-4disc.dat
0 Disc
0 Official LCad update 98-10

3 7 10 26 0 10 30 0 10 30 2
3 7 10 26 0 10 30 2 10 29 3
3 7 10 26 0 10 29 3 10 28 4
3 7 10 26 0 10 28 4 10 26 4
3 7 10 26 0 10 26 4 10 24 4
3 7 10 26 0 10 24 4 10 23 3
3 7 10 26 0 10 23 3 10 22 2
3 7 10 26 0 10 22 2 10 22 0
3 7 10 26 0 10 22 0 10 22 -2
3 7 10 26 0 10 22 -2 10 23 -3
3 7 10 26 0 10 23 -3 10 24 -4
3 7 10 26 0 10 24 -4 10 26 -4
3 7 10 26 0 10 26 -4 10 28 -4
3 7 10 26 0 10 28 -4 10 29 -3
3 7 10 26 0 10 29 -3 10 30 -2
3 7 10 26 0 10 30 -2 10 30 0

0 Inlined: 1 7 -30 26 0 0 0 0 4 0 0 0 0 4 4-4disc.dat
0 Disc
0 Official LCad update 98-10

3 7 -30 26 0 -30 30 0 -30 30 2
3 7 -30 26 0 -30 30 2 -30 29 3
3 7 -30 26 0 -30 29 3 -30 28 4
3 7 -30 26 0 -30 28 4 -30 26 4
3 7 -30 26 0 -30 26 4 -30 24 4
3 7 -30 26 0 -30 24 4 -30 23 3
3 7 -30 26 0 -30 23 3 -30 22 2
3 7 -30 26 0 -30 22 2 -30 22 0
3 7 -30 26 0 -30 22 0 -30 22 -2
3 7 -30 26 0 -30 22 -2 -30 23 -3
3 7 -30 26 0 -30 23 -3 -30 24 -4
3 7 -30 26 0 -30 24 -4 -30 26 -4
3 7 -30 26 0 -30 26 -4 -30 28 -4
3 7 -30 26 0 -30 28 -4 -30 29 -3
3 7 -30 26 0 -30 29 -3 -30 30 -2
3 7 -30 26 0 -30 30 -2 -30 30 0

0 Inlined: 1 7 6 26 0 0 0 0 0 0 6 6 0 0 2-4disc.dat
0 Disc
0 Official LCad update 98-10

3 7 6 26 0 6 26 6 6 28 6
3 7 6 26 0 6 28 6 6 30 4
3 7 6 26 0 6 30 4 6 32 2
3 7 6 26 0 6 32 2 6 32 0
3 7 6 26 0 6 32 0 6 32 -2
3 7 6 26 0 6 32 -2 6 30 -4
3 7 6 26 0 6 30 -4 6 28 -6
3 7 6 26 0 6 28 -6 6 26 -6

0 Inlined: 1 7 -26 26 0 0 0 0 0 0 6 6 0 0 2-4disc.dat
0 Disc
0 Official LCad update 98-10

3 7 -26 26 0 -26 26 6 -26 28 6
3 7 -26 26 0 -26 28 6 -26 30 4
3 7 -26 26 0 -26 30 4 -26 32 2
3 7 -26 26 0 -26 32 2 -26 32 0
3 7 -26 26 0 -26 32 0 -26 32 -2
3 7 -26 26 0 -26 32 -2 -26 30 -4
3 7 -26 26 0 -26 30 -4 -26 28 -6
3 7 -26 26 0 -26 28 -6 -26 26 -6

0 Inlined: 1 7 4 26 0 0 0 0 0 0 6 6 0 0 2-4disc.dat
0 Disc
0 Official LCad update 98-10

3 7 4 26 0 4 26 6 4 28 6
3 7 4 26 0 4 28 6 4 30 4
3 7 4 26 0 4 30 4 4 32 2
3 7 4 26 0 4 32 2 4 32 0
3 7 4 26 0 4 32 0 4 32 -2
3 7 4 26 0 4 32 -2 4 30 -4
3 7 4 26 0 4 30 -4 4 28 -6
3 7 4 26 0 4 28 -6 4 26 -6

0 Inlined: 1 7 -24 26 0 0 0 0 0 0 6 6 0 0 2-4disc.dat
0 Disc
0 Official LCad update 98-10

3 7 -24 26 0 -24 26 6 -24 28 6
3 7 -24 26 0 -24 28 6 -24 30 4
3 7 -24 26 0 -24 30 4 -24 32 2
3 7 -24 26 0 -24 32 2 -24 32 0
3 7 -24 26 0 -24 32 0 -24 32 -2
3 7 -24 26 0 -24 32 -2 -24 30 -4
3 7 -24 26 0 -24 30 -4 -24 28 -6
3 7 -24 26 0 -24 28 -6 -24 26 -6

4 7 6 18 6 6 26 6 6 26 -6 6 18 -6
4 7 -26 18 6 -26 26 6 -26 26 -6 -26 18 -6
4 7 4 18 6 4 26 6 4 26 -6 4 18 -6
4 7 -24 18 6 -24 26 6 -24 26 -6 -24 18 -6

4 7 -8 32 2 -8 24 2 -8 24 -2 -8 32 -2
4 7 -12 32 2 -12 24 2 -12 24 -2 -12 32 -2

0 Inlined: 1 7 10 26 0 0 -4 0 4 0 0 0 0 4 4-4cyli.dat
0 Official LCad update 98-10

4 7 10 30 0 10 30 2 6 30 2 6 30 0
5 8 10 30 0 6 30 0 10 30 2 10 30 -2
4 7 10 30 2 10 29 3 6 29 3 6 30 2
5 8 10 30 2 6 30 2 10 29 3 10 30 0
4 7 10 29 3 10 28 4 6 28 4 6 29 3
5 8 10 29 3 6 29 3 10 28 4 10 30 2
4 7 10 28 4 10 26 4 6 26 4 6 28 4
5 8 10 28 4 6 28 4 10 26 4 10 29 3
4 7 10 26 4 10 24 4 6 24 4 6 26 4
5 8 10 26 4 6 26 4 10 24 4 10 28 4
4 7 10 24 4 10 23 3 6 23 3 6 24 4
5 8 10 24 4 6 24 4 10 23 3 10 26 4
4 7 10 23 3 10 22 2 6 22 2 6 23 3
5 8 10 23 3 6 23 3 10 22 2 10 24 4
4 7 10 22 2 10 22 0 6 22 0 6 22 2
5 8 10 22 2 6 22 2 10 22 0 10 23 3
4 7 10 22 0 10 22 -2 6 22 -2 6 22 0
5 8 10 22 0 6 22 0 10 22 -2 10 22 2
4 7 10 22 -2 10 23 -3 6 23 -3 6 22 -2
5 8 10 22 -2 6 22 -2 10 23 -3 10 22 0
4 7 10 23 -3 10 24 -4 6 24 -4 6 23 -3
5 8 10 23 -3 6 23 -3 10 24 -4 10 22 -2
4 7 10 24 -4 10 26 -4 6 26 -4 6 24 -4
5 8 10 24 -4 6 24 -4 10 26 -4 10 23 -3
4 7 10 26 -4 10 28 -4 6 28 -4 6 26 -4
5 8 10 26 -4 6 26 -4 10 28 -4 10 24 -4
4 7 10 28 -4 10 29 -3 6 29 -3 6 28 -4
5 8 10 28 -4 6 28 -4 10 29 -3 10 26 -4
4 7 10 29 -3 10 30 -2 6 30 -2 6 29 -3
5 8 10 29 -3 6 29 -3 10 30 -2 10 28 -4
4 7 10 30 -2 10 30 0 6 30 0 6 30 -2
5 8 10 30 -2 6 30 -2 10 30 0 10 29 -3

0 Inlined: 1 7 -30 26 0 0 4 0 4 0 0 0 0 4 4-4cyli.dat
0 Official LCad update 98-10

4 7 -30 30 0 -30 30 2 -26 30 2 -26 30 0
5 8 -30 30 0 -26 30 0 -30 30 2 -30 30 -2
4 7 -30 30 2 -30 29 3 -26 29 3 -26 30 2
5 8 -30 30 2 -26 30 2 -30 29 3 -30 30 0
4 7 -30 29 3 -30 28 4 -26 28 4 -26 29 3
5 8 -30 29 3 -26 29 3 -30 28 4 -30 30 2
4 7 -30 28 4 -30 26 4 -26 26 4 -26 28 4
5 8 -30 28 4 -26 28 4 -30 26 4 -30 29 3
4 7 -30 26 4 -30 24 4 -26 24 4 -26 26 4
5 8 -30 26 4 -26 26 4 -30 24 4 -30 28 4
4 7 -30 24 4 -30 23 3 -26 23 3 -26 24 4
5 8 -30 24 4 -26 24 4 -30 23 3 -30 26 4
4 7 -30 23 3 -30 22 2 -26 22 2 -26 23 3
5 8 -30 23 3 -26 23 3 -30 22 2 -30 24 4
4 7 -30 22 2 -30 22 0 -26 22 0 -26 22 2
5 8 -30 22 2 -26 22 2 -30 22 0 -30 23 3
4 7 -30 22 0 -30 22 -2 -26 22 -2 -26 22 0
5 8 -30 22 0 -26 22 0 -30 22 -2 -30 22 2
4 7 -30 22 -2 -30 23 -3 -26 23 -3 -26 22 -2
5 8 -30 22 -2 -26 22 -2 -30 23 -3 -30 22 0
4 7 -30 23 -3 -30 24 -4 -26 24 -4 -26 23 -3
5 8 -30 23 -3 -26 23 -3 -30 24 -4 -30 22 -2
4 7 -30 24 -4 -30 26 -4 -26 26 -4 -26 24 -4
5 8 -30 24 -4 -26 24 -4 -30 26 -4 -30 23 -3
4 7 -30 26 -4 -30 28 -4 -26 28 -4 -26 26 -4
5 8 -30 26 -4 -26 26 -4 -30 28 -4 -30 24 -4
4 7 -30 28 -4 -30 29 -3 -26 29 -3 -26 28 -4
5 8 -30 28 -4 -26 28 -4 -30 29 -3 -30 26 -4
4 7 -30 29 -3 -30 30 -2 -26 30 -2 -26 29 -3
5 8 -30 29 -3 -26 29 -3 -30 30 -2 -30 28 -4
4 7 -30 30 -2 -30 30 0 -26 30 0 -26 30 -2
5 8 -30 30 -2 -26 30 -2 -30 30 0 -30 29 -3

0 Inlined: 1 7 6 26 0 0 -2 0 0 0 6 6 0 0 2-4cyli.dat
4 7 6 26 6 6 28 6 4 28 6 4 26 6
5 8 6 26 6 4 26 6 6 28 6 6 24 6
4 7 6 28 6 6 30 4 4 30 4 4 28 6
5 8 6 28 6 4 28 6 6 30 4 6 26 6
4 7 6 30 4 6 32 2 4 32 2 4 30 4
5 8 6 30 4 4 30 4 6 32 2 6 28 6
4 7 6 32 2 6 32 0 4 32 0 4 32 2
5 8 6 32 2 4 32 2 6 32 0 6 30 4
4 7 6 32 0 6 32 -2 4 32 -2 4 32 0
5 8 6 32 0 4 32 0 6 32 -2 6 32 2
4 7 6 32 -2 6 30 -4 4 30 -4 4 32 -2
5 8 6 32 -2 4 32 -2 6 30 -4 6 32 0
4 7 6 30 -4 6 28 -6 4 28 -6 4 30 -4
5 8 6 30 -4 4 30 -4 6 28 -6 6 32 -2
4 7 6 28 -6 6 26 -6 4 26 -6 4 28 -6
5 8 6 28 -6 4 28 -6 6 26 -6 6 30 -4

0 Inlined: 1 7 -26 26 0 0 2 0 0 0 6 6 0 0 2-4cyli.dat
4 7 -26 26 6 -26 28 6 -24 28 6 -24 26 6
5 8 -26 26 6 -24 26 6 -26 28 6 -26 24 6
4 7 -26 28 6 -26 30 4 -24 30 4 -24 28 6
5 8 -26 28 6 -24 28 6 -26 30 4 -26 26 6
4 7 -26 30 4 -26 32 2 -24 32 2 -24 30 4
5 8 -26 30 4 -24 30 4 -26 32 2 -26 28 6
4 7 -26 32 2 -26 32 0 -24 32 0 -24 32 2
5 8 -26 32 2 -24 32 2 -26 32 0 -26 30 4
4 7 -26 32 0 -26 32 -2 -24 32 -2 -24 32 0
5 8 -26 32 0 -24 32 0 -26 32 -2 -26 32 2
4 7 -26 32 -2 -26 30 -4 -24 30 -4 -24 32 -2
5 8 -26 32 -2 -24 32 -2 -26 30 -4 -26 32 0
4 7 -26 30 -4 -26 28 -6 -24 28 -6 -24 30 -4
5 8 -26 30 -4 -24 30 -4 -26 28 -6 -26 32 -2
4 7 -26 28 -6 -26 26 -6 -24 26 -6 -24 28 -6
5 8 -26 28 -6 -24 28 -6 -26 26 -6 -26 30 -4

4 7 6 26 6 6 18 6 4 18 6 4 26 6
4 7 -26 26 6 -26 18 6 -24 18 6 -24 26 6
4 7 6 26 -6 6 18 -6 4 18 -6 4 26 -6
4 7 -26 26 -6 -26 18 -6 -24 18 -6 -24 26 -6

4 7 4 32 2 4 18 2 -8 24 2 -8 32 2
4 7 -24 32 2 -24 18 2 -12 24 2 -12 32 2
4 7 4 18 2 -8 24 2 -12 24 2 -24 18 2
4 7 4 32 -2 4 18 -2 -8 24 -2 -8 32 -2
4 7 -24 32 -2 -24 18 -2 -12 24 -2 -12 32 -2
4 7 4 18 -2 -8 24 -2 -12 24 -2 -24 18 -2

0 Inlined: 1 7 0 16 0 1 0 0 0 1 0 0 0 1 stud2.dat
0 Stud 2
0 Name: stud2.dat
0 Author: Chris Dee
0 Official LCad update 99-05

0 Inlined: 1 7 0 16 0 4 0 0 0 0 0 0 0 4 4-4edge.dat
0 Official LCad update 98-10

2 8 4 16 0 4 16 2
2 8 4 16 2 3 16 3
2 8 3 16 3 2 16 4
2 8 2 16 4 0 16 4
2 8 0 16 4 -2 16 4
2 8 -2 16 4 -3 16 3
2 8 -3 16 3 -4 16 2
2 8 -4 16 2 -4 16 0
2 8 -4 16 0 -4 16 -2
2 8 -4 16 -2 -3 16 -3
2 8 -3 16 -3 -2 16 -4
2 8 -2 16 -4 0 16 -4
2 8 0 16 -4 2 16 -4
2 8 2 16 -4 3 16 -3
2 8 3 16 -3 4 16 -2
2 8 4 16 -2 4 16 0

0 Inlined: 1 7 0 16 0 6 0 0 0 0 0 0 0 6 4-4edge.dat
0 Official LCad update 98-10

2 8 6 16 0 6 16 2
2 8 6 16 2 4 16 4
2 8 4 16 4 2 16 6
2 8 2 16 6 0 16 6
2 8 0 16 6 -2 16 6
2 8 -2 16 6 -4 16 4
2 8 -4 16 4 -6 16 2
2 8 -6 16 2 -6 16 0
2 8 -6 16 0 -6 16 -2
2 8 -6 16 -2 -4 16 -4
2 8 -4 16 -4 -2 16 -6
2 8 -2 16 -6 0 16 -6
2 8 0 16 -6 2 16 -6
2 8 2 16 -6 4 16 -4
2 8 4 16 -4 6 16 -2
2 8 6 16 -2 6 16 0

0 Inlined: 1 7 0 12 0 4 0 0 0 0 0 0 0 4 4-4edge.dat
0 Official LCad update 98-10

2 8 4 12 0 4 12 2
2 8 4 12 2 3 12 3
2 8 3 12 3 2 12 4
2 8 2 12 4 0 12 4
2 8 0 12 4 -2 12 4
2 8 -2 12 4 -3 12 3
2 8 -3 12 3 -4 12 2
2 8 -4 12 2 -4 12 0
2 8 -4 12 0 -4 12 -2
2 8 -4 12 -2 -3 12 -3
2 8 -3 12 -3 -2 12 -4
2 8 -2 12 -4 0 12 -4
2 8 0 12 -4 2 12 -4
2 8 2 12 -4 3 12 -3
2 8 3 12 -3 4 12 -2
2 8 4 12 -2 4 12 0

0 Inlined: 1 7 0 12 0 6 0 0 0 0 0 0 0 6 4-4edge.dat
0 Official LCad update 98-10

2 8 6 12 0 6 12 2
2 8 6 12 2 4 12 4
2 8 4 12 4 2 12 6
2 8 2 12 6 0 12 6
2 8 0 12 6 -2 12 6
2 8 -2 12 6 -4 12 4
2 8 -4 12 4 -6 12 2
2 8 -6 12 2 -6 12 0
2 8 -6 12 0 -6 12 -2
2 8 -6 12 -2 -4 12 -4
2 8 -4 12 -4 -2 12 -6
2 8 -2 12 -6 0 12 -6
2 8 0 12 -6 2 12 -6
2 8 2 12 -6 4 12 -4
2 8 4 12 -4 6 12 -2
2 8 6 12 -2 6 12 0


0 Inlined: 1 7 0 12 0 4 0 0 0 4 0 0 0 4 4-4cyli.dat
0 Official LCad update 98-10

4 7 4 12 0 4 12 2 4 16 2 4 16 0
5 8 4 12 0 4 16 0 4 12 2 4 12 -2
4 7 4 12 2 3 12 3 3 16 3 4 16 2
5 8 4 12 2 4 16 2 3 12 3 4 12 0
4 7 3 12 3 2 12 4 2 16 4 3 16 3
5 8 3 12 3 3 16 3 2 12 4 4 12 2
4 7 2 12 4 0 12 4 0 16 4 2 16 4
5 8 2 12 4 2 16 4 0 12 4 3 12 3
4 7 0 12 4 -2 12 4 -2 16 4 0 16 4
5 8 0 12 4 0 16 4 -2 12 4 2 12 4
4 7 -2 12 4 -3 12 3 -3 16 3 -2 16 4
5 8 -2 12 4 -2 16 4 -3 12 3 0 12 4
4 7 -3 12 3 -4 12 2 -4 16 2 -3 16 3
5 8 -3 12 3 -3 16 3 -4 12 2 -2 12 4
4 7 -4 12 2 -4 12 0 -4 16 0 -4 16 2
5 8 -4 12 2 -4 16 2 -4 12 0 -3 12 3
4 7 -4 12 0 -4 12 -2 -4 16 -2 -4 16 0
5 8 -4 12 0 -4 16 0 -4 12 -2 -4 12 2
4 7 -4 12 -2 -3 12 -3 -3 16 -3 -4 16 -2
5 8 -4 12 -2 -4 16 -2 -3 12 -3 -4 12 0
4 7 -3 12 -3 -2 12 -4 -2 16 -4 -3 16 -3
5 8 -3 12 -3 -3 16 -3 -2 12 -4 -4 12 -2
4 7 -2 12 -4 0 12 -4 0 16 -4 -2 16 -4
5 8 -2 12 -4 -2 16 -4 0 12 -4 -3 12 -3
4 7 0 12 -4 2 12 -4 2 16 -4 0 16 -4
5 8 0 12 -4 0 16 -4 2 12 -4 -2 12 -4
4 7 2 12 -4 3 12 -3 3 16 -3 2 16 -4
5 8 2 12 -4 2 16 -4 3 12 -3 0 12 -4
4 7 3 12 -3 4 12 -2 4 16 -2 3 16 -3
5 8 3 12 -3 3 16 -3 4 12 -2 2 12 -4
4 7 4 12 -2 4 12 0 4 16 0 4 16 -2
5 8 4 12 -2 4 16 -2 4 12 0 3 12 -3

0 Inlined: 1 7 0 12 0 6 0 0 0 4 0 0 0 6 4-4cyli.dat
0 Official LCad update 98-10

4 7 6 12 0 6 12 2 6 16 2 6 16 0
5 8 6 12 0 6 16 0 6 12 2 6 12 -2
4 7 6 12 2 4 12 4 4 16 4 6 16 2
5 8 6 12 2 6 16 2 4 12 4 6 12 0
4 7 4 12 4 2 12 6 2 16 6 4 16 4
5 8 4 12 4 4 16 4 2 12 6 6 12 2
4 7 2 12 6 0 12 6 0 16 6 2 16 6
5 8 2 12 6 2 16 6 0 12 6 4 12 4
4 7 0 12 6 -2 12 6 -2 16 6 0 16 6
5 8 0 12 6 0 16 6 -2 12 6 2 12 6
4 7 -2 12 6 -4 12 4 -4 16 4 -2 16 6
5 8 -2 12 6 -2 16 6 -4 12 4 0 12 6
4 7 -4 12 4 -6 12 2 -6 16 2 -4 16 4
5 8 -4 12 4 -4 16 4 -6 12 2 -2 12 6
4 7 -6 12 2 -6 12 0 -6 16 0 -6 16 2
5 8 -6 12 2 -6 16 2 -6 12 0 -4 12 4
4 7 -6 12 0 -6 12 -2 -6 16 -2 -6 16 0
5 8 -6 12 0 -6 16 0 -6 12 -2 -6 12 2
4 7 -6 12 -2 -4 12 -4 -4 16 -4 -6 16 -2
5 8 -6 12 -2 -6 16 -2 -4 12 -4 -6 12 0
4 7 -4 12 -4 -2 12 -6 -2 16 -6 -4 16 -4
5 8 -4 12 -4 -4 16 -4 -2 12 -6 -6 12 -2
4 7 -2 12 -6 0 12 -6 0 16 -6 -2 16 -6
5 8 -2 12 -6 -2 16 -6 0 12 -6 -4 12 -4
4 7 0 12 -6 2 12 -6 2 16 -6 0 16 -6
5 8 0 12 -6 0 16 -6 2 12 -6 -2 12 -6
4 7 2 12 -6 4 12 -4 4 16 -4 2 16 -6
5 8 2 12 -6 2 16 -6 4 12 -4 0 12 -6
4 7 4 12 -4 6 12 -2 6 16 -2 4 16 -4
5 8 4 12 -4 4 16 -4 6 12 -2 2 12 -6
4 7 6 12 -2 6 12 0 6 16 0 6 16 -2
5 8 6 12 -2 6 16 -2 6 12 0 4 12 -4

0 Inlined: 1 7 0 12 0 2 0 0 0 0 0 0 0 2 ring2.dat
0 Official LCad update 98-10

4 7 0 12 4 -2 12 4 -2 12 6 0 12 6
4 7 -2 12 4 -3 12 3 -4 12 4 -2 12 6
4 7 -3 12 3 -4 12 2 -6 12 2 -4 12 4
4 7 -4 12 2 -4 12 0 -6 12 0 -6 12 2
4 7 -4 12 0 -4 12 -2 -6 12 -2 -6 12 0
4 7 -4 12 -2 -3 12 -3 -4 12 -4 -6 12 -2
4 7 -3 12 -3 -2 12 -4 -2 12 -6 -4 12 -4
4 7 -2 12 -4 0 12 -4 0 12 -6 -2 12 -6
4 7 0 12 -4 2 12 -4 2 12 -6 0 12 -6
4 7 2 12 -4 3 12 -3 4 12 -4 2 12 -6
4 7 3 12 -3 4 12 -2 6 12 -2 4 12 -4
4 7 4 12 -2 4 12 0 6 12 0 6 12 -2
4 7 4 12 0 4 12 2 6 12 2 6 12 0
4 7 4 12 2 3 12 3 4 12 4 6 12 2
4 7 3 12 3 2 12 4 2 12 6 4 12 4
4 7 2 12 4 0 12 4 0 12 6 2 12 6

0

0 Inlined: 1 7 -20 16 0 1 0 0 0 1 0 0 0 1 stud2.dat
0 Stud 2
0 Name: stud2.dat
0 Author: Chris Dee
0 Official LCad update 99-05

0 Inlined: 1 7 -20 16 0 4 0 0 0 0 0 0 0 4 4-4edge.dat
0 Official LCad update 98-10

2 8 -16 16 0 -16 16 2
2 8 -16 16 2 -17 16 3
2 8 -17 16 3 -18 16 4
2 8 -18 16 4 -20 16 4
2 8 -20 16 4 -22 16 4
2 8 -22 16 4 -23 16 3
2 8 -23 16 3 -24 16 2
2 8 -24 16 2 -24 16 0
2 8 -24 16 0 -24 16 -2
2 8 -24 16 -2 -23 16 -3
2 8 -23 16 -3 -22 16 -4
2 8 -22 16 -4 -20 16 -4
2 8 -20 16 -4 -18 16 -4
2 8 -18 16 -4 -17 16 -3
2 8 -17 16 -3 -16 16 -2
2 8 -16 16 -2 -16 16 0

0 Inlined: 1 7 -20 16 0 6 0 0 0 0 0 0 0 6 4-4edge.dat
0 Official LCad update 98-10

2 8 -14 16 0 -14 16 2
2 8 -14 16 2 -16 16 4
2 8 -16 16 4 -18 16 6
2 8 -18 16 6 -20 16 6
2 8 -20 16 6 -22 16 6
2 8 -22 16 6 -24 16 4
2 8 -24 16 4 -26 16 2
2 8 -26 16 2 -26 16 0
2 8 -26 16 0 -26 16 -2
2 8 -26 16 -2 -24 16 -4
2 8 -24 16 -4 -22 16 -6
2 8 -22 16 -6 -20 16 -6
2 8 -20 16 -6 -18 16 -6
2 8 -18 16 -6 -16 16 -4
2 8 -16 16 -4 -14 16 -2
2 8 -14 16 -2 -14 16 0

0 Inlined: 1 7 -20 12 0 4 0 0 0 0 0 0 0 4 4-4edge.dat
0 Official LCad update 98-10

2 8 -16 12 0 -16 12 2
2 8 -16 12 2 -17 12 3
2 8 -17 12 3 -18 12 4
2 8 -18 12 4 -20 12 4
2 8 -20 12 4 -22 12 4
2 8 -22 12 4 -23 12 3
2 8 -23 12 3 -24 12 2
2 8 -24 12 2 -24 12 0
2 8 -24 12 0 -24 12 -2
2 8 -24 12 -2 -23 12 -3
2 8 -23 12 -3 -22 12 -4
2 8 -22 12 -4 -20 12 -4
2 8 -20 12 -4 -18 12 -4
2 8 -18 12 -4 -17 12 -3
2 8 -17 12 -3 -16 12 -2
2 8 -16 12 -2 -16 12 0

0 Inlined: 1 7 -20 12 0 6 0 0 0 0 0 0 0 6 4-4edge.dat
0 Official LCad update 98-10

2 8 -14 12 0 -14 12 2
2 8 -14 12 2 -16 12 4
2 8 -16 12 4 -18 12 6
2 8 -18 12 6 -20 12 6
2 8 -20 12 6 -22 12 6
2 8 -22 12 6 -24 12 4
2 8 -24 12 4 -26 12 2
2 8 -26 12 2 -26 12 0
2 8 -26 12 0 -26 12 -2
2 8 -26 12 -2 -24 12 -4
2 8 -24 12 -4 -22 12 -6
2 8 -22 12 -6 -20 12 -6
2 8 -20 12 -6 -18 12 -6
2 8 -18 12 -6 -16 12 -4
2 8 -16 12 -4 -14 12 -2
2 8 -14 12 -2 -14 12 0


0 Inlined: 1 7 -20 12 0 4 0 0 0 4 0 0 0 4 4-4cyli.dat
0 Official LCad update 98-10

4 7 -16 12 0 -16 12 2 -16 16 2 -16 16 0
5 8 -16 12 0 -16 16 0 -16 12 2 -16 12 -2
4 7 -16 12 2 -17 12 3 -17 16 3 -16 16 2
5 8 -16 12 2 -16 16 2 -17 12 3 -16 12 0
4 7 -17 12 3 -18 12 4 -18 16 4 -17 16 3
5 8 -17 12 3 -17 16 3 -18 12 4 -16 12 2
4 7 -18 12 4 -20 12 4 -20 16 4 -18 16 4
5 8 -18 12 4 -18 16 4 -20 12 4 -17 12 3
4 7 -20 12 4 -22 12 4 -22 16 4 -20 16 4
5 8 -20 12 4 -20 16 4 -22 12 4 -18 12 4
4 7 -22 12 4 -23 12 3 -23 16 3 -22 16 4
5 8 -22 12 4 -22 16 4 -23 12 3 -20 12 4
4 7 -23 12 3 -24 12 2 -24 16 2 -23 16 3
5 8 -23 12 3 -23 16 3 -24 12 2 -22 12 4
4 7 -24 12 2 -24 12 0 -24 16 0 -24 16 2
5 8 -24 12 2 -24 16 2 -24 12 0 -23 12 3
4 7 -24 12 0 -24 12 -2 -24 16 -2 -24 16 0
5 8 -24 12 0 -24 16 0 -24 12 -2 -24 12 2
4 7 -24 12 -2 -23 12 -3 -23 16 -3 -24 16 -2
5 8 -24 12 -2 -24 16 -2 -23 12 -3 -24 12 0
4 7 -23 12 -3 -22 12 -4 -22 16 -4 -23 16 -3
5 8 -23 12 -3 -23 16 -3 -22 12 -4 -24 12 -2
4 7 -22 12 -4 -20 12 -4 -20 16 -4 -22 16 -4
5 8 -22 12 -4 -22 16 -4 -20 12 -4 -23 12 -3
4 7 -20 12 -4 -18 12 -4 -18 16 -4 -20 16 -4
5 8 -20 12 -4 -20 16 -4 -18 12 -4 -22 12 -4
4 7 -18 12 -4 -17 12 -3 -17 16 -3 -18 16 -4
5 8 -18 12 -4 -18 16 -4 -17 12 -3 -20 12 -4
4 7 -17 12 -3 -16 12 -2 -16 16 -2 -17 16 -3
5 8 -17 12 -3 -17 16 -3 -16 12 -2 -18 12 -4
4 7 -16 12 -2 -16 12 0 -16 16 0 -16 16 -2
5 8 -16 12 -2 -16 16 -2 -16 12 0 -17 12 -3

0 Inlined: 1 7 -20 12 0 6 0 0 0 4 0 0 0 6 4-4cyli.dat
0 Official LCad update 98-10

4 7 -14 12 0 -14 12 2 -14 16 2 -14 16 0
5 8 -14 12 0 -14 16 0 -14 12 2 -14 12 -2
4 7 -14 12 2 -16 12 4 -16 16 4 -14 16 2
5 8 -14 12 2 -14 16 2 -16 12 4 -14 12 0
4 7 -16 12 4 -18 12 6 -18 16 6 -16 16 4
5 8 -16 12 4 -16 16 4 -18 12 6 -14 12 2
4 7 -18 12 6 -20 12 6 -20 16 6 -18 16 6
5 8 -18 12 6 -18 16 6 -20 12 6 -16 12 4
4 7 -20 12 6 -22 12 6 -22 16 6 -20 16 6
5 8 -20 12 6 -20 16 6 -22 12 6 -18 12 6
4 7 -22 12 6 -24 12 4 -24 16 4 -22 16 6
5 8 -22 12 6 -22 16 6 -24 12 4 -20 12 6
4 7 -24 12 4 -26 12 2 -26 16 2 -24 16 4
5 8 -24 12 4 -24 16 4 -26 12 2 -22 12 6
4 7 -26 12 2 -26 12 0 -26 16 0 -26 16 2
5 8 -26 12 2 -26 16 2 -26 12 0 -24 12 4
4 7 -26 12 0 -26 12 -2 -26 16 -2 -26 16 0
5 8 -26 12 0 -26 16 0 -26 12 -2 -26 12 2
4 7 -26 12 -2 -24 12 -4 -24 16 -4 -26 16 -2
5 8 -26 12 -2 -26 16 -2 -24 12 -4 -26 12 0
4 7 -24 12 -4 -22 12 -6 -22 16 -6 -24 16 -4
5 8 -24 12 -4 -24 16 -4 -22 12 -6 -26 12 -2
4 7 -22 12 -6 -20 12 -6 -20 16 -6 -22 16 -6
5 8 -22 12 -6 -22 16 -6 -20 12 -6 -24 12 -4
4 7 -20 12 -6 -18 12 -6 -18 16 -6 -20 16 -6
5 8 -20 12 -6 -20 16 -6 -18 12 -6 -22 12 -6
4 7 -18 12 -6 -16 12 -4 -16 16 -4 -18 16 -6
5 8 -18 12 -6 -18 16 -6 -16 12 -4 -20 12 -6
4 7 -16 12 -4 -14 12 -2 -14 16 -2 -16 16 -4
5 8 -16 12 -4 -16 16 -4 -14 12 -2 -18 12 -6
4 7 -14 12 -2 -14 12 0 -14 16 0 -14 16 -2
5 8 -14 12 -2 -14 16 -2 -14 12 0 -16 12 -4

0 Inlined: 1 7 -20 12 0 2 0 0 0 0 0 0 0 2 ring2.dat
0 Official LCad update 98-10

4 7 -20 12 4 -22 12 4 -22 12 6 -20 12 6
4 7 -22 12 4 -23 12 3 -24 12 4 -22 12 6
4 7 -23 12 3 -24 12 2 -26 12 2 -24 12 4
4 7 -24 12 2 -24 12 0 -26 12 0 -26 12 2
4 7 -24 12 0 -24 12 -2 -26 12 -2 -26 12 0
4 7 -24 12 -2 -23 12 -3 -24 12 -4 -26 12 -2
4 7 -23 12 -3 -22 12 -4 -22 12 -6 -24 12 -4
4 7 -22 12 -4 -20 12 -4 -20 12 -6 -22 12 -6
4 7 -20 12 -4 -18 12 -4 -18 12 -6 -20 12 -6
4 7 -18 12 -4 -17 12 -3 -16 12 -4 -18 12 -6
4 7 -17 12 -3 -16 12 -2 -14 12 -2 -16 12 -4
4 7 -16 12 -2 -16 12 0 -14 12 0 -14 12 -2
4 7 -16 12 0 -16 12 2 -14 12 2 -14 12 0
4 7 -16 12 2 -17 12 3 -16 12 4 -14 12 2
4 7 -17 12 3 -18 12 4 -18 12 6 -16 12 4
4 7 -18 12 4 -20 12 4 -20 12 6 -18 12 6

0


0 Inlined: 1 0 -10 -32 0 1 0 0 0 1 0 0 0 1 4864.DAT
0 Panel  1 x  2 x  2

0 Inlined: 1 0 -10 12 0 1 0 0 0 -1 0 0 0 1 stud3.dat
0 Inlined: 1 0 -10 16 0 4 0 0 0 0 0 0 0 4 4-4edge.dat
0 Official LCad update 98-10

2 8 -6 16 0 -6 16 2
2 8 -6 16 2 -7 16 3
2 8 -7 16 3 -8 16 4
2 8 -8 16 4 -10 16 4
2 8 -10 16 4 -12 16 4
2 8 -12 16 4 -13 16 3
2 8 -13 16 3 -14 16 2
2 8 -14 16 2 -14 16 0
2 8 -14 16 0 -14 16 -2
2 8 -14 16 -2 -13 16 -3
2 8 -13 16 -3 -12 16 -4
2 8 -12 16 -4 -10 16 -4
2 8 -10 16 -4 -8 16 -4
2 8 -8 16 -4 -7 16 -3
2 8 -7 16 -3 -6 16 -2
2 8 -6 16 -2 -6 16 0

0 Inlined: 1 0 -10 12 0 4 0 0 0 0 0 0 0 4 4-4edge.dat
0 Official LCad update 98-10

2 8 -6 12 0 -6 12 2
2 8 -6 12 2 -7 12 3
2 8 -7 12 3 -8 12 4
2 8 -8 12 4 -10 12 4
2 8 -10 12 4 -12 12 4
2 8 -12 12 4 -13 12 3
2 8 -13 12 3 -14 12 2
2 8 -14 12 2 -14 12 0
2 8 -14 12 0 -14 12 -2
2 8 -14 12 -2 -13 12 -3
2 8 -13 12 -3 -12 12 -4
2 8 -12 12 -4 -10 12 -4
2 8 -10 12 -4 -8 12 -4
2 8 -8 12 -4 -7 12 -3
2 8 -7 12 -3 -6 12 -2
2 8 -6 12 -2 -6 12 0

0 Inlined: 1 0 -10 16 0 4 0 0 0 0 0 0 0 4 4-4disc.dat
0 Disc
0 Official LCad update 98-10

3 0 -10 16 0 -6 16 0 -6 16 2
3 0 -10 16 0 -6 16 2 -7 16 3
3 0 -10 16 0 -7 16 3 -8 16 4
3 0 -10 16 0 -8 16 4 -10 16 4
3 0 -10 16 0 -10 16 4 -12 16 4
3 0 -10 16 0 -12 16 4 -13 16 3
3 0 -10 16 0 -13 16 3 -14 16 2
3 0 -10 16 0 -14 16 2 -14 16 0
3 0 -10 16 0 -14 16 0 -14 16 -2
3 0 -10 16 0 -14 16 -2 -13 16 -3
3 0 -10 16 0 -13 16 -3 -12 16 -4
3 0 -10 16 0 -12 16 -4 -10 16 -4
3 0 -10 16 0 -10 16 -4 -8 16 -4
3 0 -10 16 0 -8 16 -4 -7 16 -3
3 0 -10 16 0 -7 16 -3 -6 16 -2
3 0 -10 16 0 -6 16 -2 -6 16 0

0 Inlined: 1 0 -10 16 0 4 0 0 0 -4 0 0 0 4 4-4cyli.dat
0 Official LCad update 98-10

4 0 -6 16 0 -6 16 2 -6 12 2 -6 12 0
5 8 -6 16 0 -6 12 0 -6 16 2 -6 16 -2
4 0 -6 16 2 -7 16 3 -7 12 3 -6 12 2
5 8 -6 16 2 -6 12 2 -7 16 3 -6 16 0
4 0 -7 16 3 -8 16 4 -8 12 4 -7 12 3
5 8 -7 16 3 -7 12 3 -8 16 4 -6 16 2
4 0 -8 16 4 -10 16 4 -10 12 4 -8 12 4
5 8 -8 16 4 -8 12 4 -10 16 4 -7 16 3
4 0 -10 16 4 -12 16 4 -12 12 4 -10 12 4
5 8 -10 16 4 -10 12 4 -12 16 4 -8 16 4
4 0 -12 16 4 -13 16 3 -13 12 3 -12 12 4
5 8 -12 16 4 -12 12 4 -13 16 3 -10 16 4
4 0 -13 16 3 -14 16 2 -14 12 2 -13 12 3
5 8 -13 16 3 -13 12 3 -14 16 2 -12 16 4
4 0 -14 16 2 -14 16 0 -14 12 0 -14 12 2
5 8 -14 16 2 -14 12 2 -14 16 0 -13 16 3
4 0 -14 16 0 -14 16 -2 -14 12 -2 -14 12 0
5 8 -14 16 0 -14 12 0 -14 16 -2 -14 16 2
4 0 -14 16 -2 -13 16 -3 -13 12 -3 -14 12 -2
5 8 -14 16 -2 -14 12 -2 -13 16 -3 -14 16 0
4 0 -13 16 -3 -12 16 -4 -12 12 -4 -13 12 -3
5 8 -13 16 -3 -13 12 -3 -12 16 -4 -14 16 -2
4 0 -12 16 -4 -10 16 -4 -10 12 -4 -12 12 -4
5 8 -12 16 -4 -12 12 -4 -10 16 -4 -13 16 -3
4 0 -10 16 -4 -8 16 -4 -8 12 -4 -10 12 -4
5 8 -10 16 -4 -10 12 -4 -8 16 -4 -12 16 -4
4 0 -8 16 -4 -7 16 -3 -7 12 -3 -8 12 -4
5 8 -8 16 -4 -8 12 -4 -7 16 -3 -10 16 -4
4 0 -7 16 -3 -6 16 -2 -6 12 -2 -7 12 -3
5 8 -7 16 -3 -7 12 -3 -6 16 -2 -8 16 -4
4 0 -6 16 -2 -6 16 0 -6 12 0 -6 12 -2
5 8 -6 16 -2 -6 12 -2 -6 16 0 -7 16 -3



0 Inlined: 1 0 -10 16 0 16 0 0 0 -4 0 0 0 6 box5.dat
2 8 6 12 6 -26 12 6
2 8 -26 12 6 -26 12 -6
2 8 -26 12 -6 6 12 -6
2 8 6 12 -6 6 12 6
2 8 6 16 6 -26 16 6
2 8 -26 16 6 -26 16 -6
2 8 -26 16 -6 6 16 -6
2 8 6 16 -6 6 16 6
2 8 6 16 6 6 12 6
2 8 -26 16 6 -26 12 6
2 8 6 16 -6 6 12 -6
2 8 -26 16 -6 -26 12 -6
4 0 6 12 6 6 12 -6 -26 12 -6 -26 12 6
4 0 6 12 6 6 16 6 -26 16 6 -26 12 6
4 0 -26 12 6 -26 16 6 -26 16 -6 -26 12 -6
4 0 -26 12 -6 -26 16 -6 6 16 -6 6 12 -6
4 0 6 12 -6 6 16 -6 6 16 6 6 12 6


4 0 10 16 10 6 16 6 -26 16 6 -30 16 10
4 0 -30 16 10 -26 16 6 -26 16 -6 -30 16 -10
4 0 -30 16 -10 -26 16 -6 6 16 -6 10 16 -10
4 0 10 16 -10 6 16 -6 6 16 6 10 16 10

2 8 10 16 10 -30 16 10
2 8 -30 16 10 -30 16 -10
2 8 -30 16 -10 10 16 -10
2 8 10 16 -10 10 16 10

2 8 10 8 6 -30 8 6
2 8 -30 8 6 -30 8 -10
2 8 -30 8 -10 10 8 -10
2 8 10 8 -10 10 8 6

2 8 10 -28 6 -30 -28 6
2 8 -30 -28 6 -30 -28 -10
2 8 -30 -28 -10 10 -28 -10
2 8 10 -28 -10 10 -28 6

2 8 10 -32 10 -30 -32 10
2 8 -30 -32 10 -30 -32 -10
2 8 -30 -32 -10 10 -32 -10
2 8 10 -32 -10 10 -32 10

2 8 10 -32 -10 10 -28 -10
2 8 -30 -32 -10 -30 -28 -10
2 8 10 -28 6 10 8 6
2 8 -30 -28 6 -30 8 6
2 8 10 8 -10 10 16 -10
2 8 -30 8 -10 -30 16 -10
2 8 10 -32 10 10 16 10
2 8 -30 -32 10 -30 16 10

4 0 10 8 6 10 8 -10 -30 8 -10 -30 8 6
4 0 10 -28 6 10 -28 -10 -30 -28 -10 -30 -28 6
4 0 10 -32 10 10 -32 -10 -30 -32 -10 -30 -32 10

4 0 -30 16 10 -30 16 -10 -30 8 -10 -30 8 10
4 0 -30 16 -10 10 16 -10 10 8 -10 -30 8 -10
4 0 10 16 -10 10 16 10 10 8 10 10 8 -10

4 0 10 16 10 -30 16 10 -30 -32 10 10 -32 10
4 0 -30 8 10 -30 8 6 -30 -28 6 -30 -28 10
4 0 -30 8 6 10 8 6 10 -28 6 -30 -28 6
4 0 10 8 6 10 8 10 10 -28 10 10 -28 6

4 0 -30 -28 10 -30 -28 -10 -30 -32 -10 -30 -32 10
4 0 -30 -28 -10 10 -28 -10 10 -32 -10 -30 -32 -10
4 0 10 -28 -10 10 -28 10 10 -32 10 10 -32 -10

0 Inlined: 1 0 0 -32 0 1 0 0 0 1 0 0 0 1 stud2.dat
0 Stud 2
0 Name: stud2.dat
0 Author: Chris Dee
0 Official LCad update 99-05

0 Inlined: 1 0 0 -32 0 4 0 0 0 0 0 0 0 4 4-4edge.dat
0 Official LCad update 98-10

2 8 4 -32 0 4 -32 2
2 8 4 -32 2 3 -32 3
2 8 3 -32 3 2 -32 4
2 8 2 -32 4 0 -32 4
2 8 0 -32 4 -2 -32 4
2 8 -2 -32 4 -3 -32 3
2 8 -3 -32 3 -4 -32 2
2 8 -4 -32 2 -4 -32 0
2 8 -4 -32 0 -4 -32 -2
2 8 -4 -32 -2 -3 -32 -3
2 8 -3 -32 -3 -2 -32 -4
2 8 -2 -32 -4 0 -32 -4
2 8 0 -32 -4 2 -32 -4
2 8 2 -32 -4 3 -32 -3
2 8 3 -32 -3 4 -32 -2
2 8 4 -32 -2 4 -32 0

0 Inlined: 1 0 0 -32 0 6 0 0 0 0 0 0 0 6 4-4edge.dat
0 Official LCad update 98-10

2 8 6 -32 0 6 -32 2
2 8 6 -32 2 4 -32 4
2 8 4 -32 4 2 -32 6
2 8 2 -32 6 0 -32 6
2 8 0 -32 6 -2 -32 6
2 8 -2 -32 6 -4 -32 4
2 8 -4 -32 4 -6 -32 2
2 8 -6 -32 2 -6 -32 0
2 8 -6 -32 0 -6 -32 -2
2 8 -6 -32 -2 -4 -32 -4
2 8 -4 -32 -4 -2 -32 -6
2 8 -2 -32 -6 0 -32 -6
2 8 0 -32 -6 2 -32 -6
2 8 2 -32 -6 4 -32 -4
2 8 4 -32 -4 6 -32 -2
2 8 6 -32 -2 6 -32 0

0 Inlined: 1 0 0 -36 0 4 0 0 0 0 0 0 0 4 4-4edge.dat
0 Official LCad update 98-10

2 8 4 -36 0 4 -36 2
2 8 4 -36 2 3 -36 3
2 8 3 -36 3 2 -36 4
2 8 2 -36 4 0 -36 4
2 8 0 -36 4 -2 -36 4
2 8 -2 -36 4 -3 -36 3
2 8 -3 -36 3 -4 -36 2
2 8 -4 -36 2 -4 -36 0
2 8 -4 -36 0 -4 -36 -2
2 8 -4 -36 -2 -3 -36 -3
2 8 -3 -36 -3 -2 -36 -4
2 8 -2 -36 -4 0 -36 -4
2 8 0 -36 -4 2 -36 -4
2 8 2 -36 -4 3 -36 -3
2 8 3 -36 -3 4 -36 -2
2 8 4 -36 -2 4 -36 0

0 Inlined: 1 0 0 -36 0 6 0 0 0 0 0 0 0 6 4-4edge.dat
0 Official LCad update 98-10

2 8 6 -36 0 6 -36 2
2 8 6 -36 2 4 -36 4
2 8 4 -36 4 2 -36 6
2 8 2 -36 6 0 -36 6
2 8 0 -36 6 -2 -36 6
2 8 -2 -36 6 -4 -36 4
2 8 -4 -36 4 -6 -36 2
2 8 -6 -36 2 -6 -36 0
2 8 -6 -36 0 -6 -36 -2
2 8 -6 -36 -2 -4 -36 -4
2 8 -4 -36 -4 -2 -36 -6
2 8 -2 -36 -6 0 -36 -6
2 8 0 -36 -6 2 -36 -6
2 8 2 -36 -6 4 -36 -4
2 8 4 -36 -4 6 -36 -2
2 8 6 -36 -2 6 -36 0


0 Inlined: 1 0 0 -36 0 4 0 0 0 4 0 0 0 4 4-4cyli.dat
0 Official LCad update 98-10

4 0 4 -36 0 4 -36 2 4 -32 2 4 -32 0
5 8 4 -36 0 4 -32 0 4 -36 2 4 -36 -2
4 0 4 -36 2 3 -36 3 3 -32 3 4 -32 2
5 8 4 -36 2 4 -32 2 3 -36 3 4 -36 0
4 0 3 -36 3 2 -36 4 2 -32 4 3 -32 3
5 8 3 -36 3 3 -32 3 2 -36 4 4 -36 2
4 0 2 -36 4 0 -36 4 0 -32 4 2 -32 4
5 8 2 -36 4 2 -32 4 0 -36 4 3 -36 3
4 0 0 -36 4 -2 -36 4 -2 -32 4 0 -32 4
5 8 0 -36 4 0 -32 4 -2 -36 4 2 -36 4
4 0 -2 -36 4 -3 -36 3 -3 -32 3 -2 -32 4
5 8 -2 -36 4 -2 -32 4 -3 -36 3 0 -36 4
4 0 -3 -36 3 -4 -36 2 -4 -32 2 -3 -32 3
5 8 -3 -36 3 -3 -32 3 -4 -36 2 -2 -36 4
4 0 -4 -36 2 -4 -36 0 -4 -32 0 -4 -32 2
5 8 -4 -36 2 -4 -32 2 -4 -36 0 -3 -36 3
4 0 -4 -36 0 -4 -36 -2 -4 -32 -2 -4 -32 0
5 8 -4 -36 0 -4 -32 0 -4 -36 -2 -4 -36 2
4 0 -4 -36 -2 -3 -36 -3 -3 -32 -3 -4 -32 -2
5 8 -4 -36 -2 -4 -32 -2 -3 -36 -3 -4 -36 0
4 0 -3 -36 -3 -2 -36 -4 -2 -32 -4 -3 -32 -3
5 8 -3 -36 -3 -3 -32 -3 -2 -36 -4 -4 -36 -2
4 0 -2 -36 -4 0 -36 -4 0 -32 -4 -2 -32 -4
5 8 -2 -36 -4 -2 -32 -4 0 -36 -4 -3 -36 -3
4 0 0 -36 -4 2 -36 -4 2 -32 -4 0 -32 -4
5 8 0 -36 -4 0 -32 -4 2 -36 -4 -2 -36 -4
4 0 2 -36 -4 3 -36 -3 3 -32 -3 2 -32 -4
5 8 2 -36 -4 2 -32 -4 3 -36 -3 0 -36 -4
4 0 3 -36 -3 4 -36 -2 4 -32 -2 3 -32 -3
5 8 3 -36 -3 3 -32 -3 4 -36 -2 2 -36 -4
4 0 4 -36 -2 4 -36 0 4 -32 0 4 -32 -2
5 8 4 -36 -2 4 -32 -2 4 -36 0 3 -36 -3

0 Inlined: 1 0 0 -36 0 6 0 0 0 4 0 0 0 6 4-4cyli.dat
0 Official LCad update 98-10

4 0 6 -36 0 6 -36 2 6 -32 2 6 -32 0
5 8 6 -36 0 6 -32 0 6 -36 2 6 -36 -2
4 0 6 -36 2 4 -36 4 4 -32 4 6 -32 2
5 8 6 -36 2 6 -32 2 4 -36 4 6 -36 0
4 0 4 -36 4 2 -36 6 2 -32 6 4 -32 4
5 8 4 -36 4 4 -32 4 2 -36 6 6 -36 2
4 0 2 -36 6 0 -36 6 0 -32 6 2 -32 6
5 8 2 -36 6 2 -32 6 0 -36 6 4 -36 4
4 0 0 -36 6 -2 -36 6 -2 -32 6 0 -32 6
5 8 0 -36 6 0 -32 6 -2 -36 6 2 -36 6
4 0 -2 -36 6 -4 -36 4 -4 -32 4 -2 -32 6
5 8 -2 -36 6 -2 -32 6 -4 -36 4 0 -36 6
4 0 -4 -36 4 -6 -36 2 -6 -32 2 -4 -32 4
5 8 -4 -36 4 -4 -32 4 -6 -36 2 -2 -36 6
4 0 -6 -36 2 -6 -36 0 -6 -32 0 -6 -32 2
5 8 -6 -36 2 -6 -32 2 -6 -36 0 -4 -36 4
4 0 -6 -36 0 -6 -36 -2 -6 -32 -2 -6 -32 0
5 8 -6 -36 0 -6 -32 0 -6 -36 -2 -6 -36 2
4 0 -6 -36 -2 -4 -36 -4 -4 -32 -4 -6 -32 -2
5 8 -6 -36 -2 -6 -32 -2 -4 -36 -4 -6 -36 0
4 0 -4 -36 -4 -2 -36 -6 -2 -32 -6 -4 -32 -4
5 8 -4 -36 -4 -4 -32 -4 -2 -36 -6 -6 -36 -2
4 0 -2 -36 -6 0 -36 -6 0 -32 -6 -2 -32 -6
5 8 -2 -36 -6 -2 -32 -6 0 -36 -6 -4 -36 -4
4 0 0 -36 -6 2 -36 -6 2 -32 -6 0 -32 -6
5 8 0 -36 -6 0 -32 -6 2 -36 -6 -2 -36 -6
4 0 2 -36 -6 4 -36 -4 4 -32 -4 2 -32 -6
5 8 2 -36 -6 2 -32 -6 4 -36 -4 0 -36 -6
4 0 4 -36 -4 6 -36 -2 6 -32 -2 4 -32 -4
5 8 4 -36 -4 4 -32 -4 6 -36 -2 2 -36 -6
4 0 6 -36 -2 6 -36 0 6 -32 0 6 -32 -2
5 8 6 -36 -2 6 -32 -2 6 -36 0 4 -36 -4

0 Inlined: 1 0 0 -36 0 2 0 0 0 0 0 0 0 2 ring2.dat
0 Official LCad update 98-10

4 0 0 -36 4 -2 -36 4 -2 -36 6 0 -36 6
4 0 -2 -36 4 -3 -36 3 -4 -36 4 -2 -36 6
4 0 -3 -36 3 -4 -36 2 -6 -36 2 -4 -36 4
4 0 -4 -36 2 -4 -36 0 -6 -36 0 -6 -36 2
4 0 -4 -36 0 -4 -36 -2 -6 -36 -2 -6 -36 0
4 0 -4 -36 -2 -3 -36 -3 -4 -36 -4 -6 -36 -2
4 0 -3 -36 -3 -2 -36 -4 -2 -36 -6 -4 -36 -4
4 0 -2 -36 -4 0 -36 -4 0 -36 -6 -2 -36 -6
4 0 0 -36 -4 2 -36 -4 2 -36 -6 0 -36 -6
4 0 2 -36 -4 3 -36 -3 4 -36 -4 2 -36 -6
4 0 3 -36 -3 4 -36 -2 6 -36 -2 4 -36 -4
4 0 4 -36 -2 4 -36 0 6 -36 0 6 -36 -2
4 0 4 -36 0 4 -36 2 6 -36 2 6 -36 0
4 0 4 -36 2 3 -36 3 4 -36 4 6 -36 2
4 0 3 -36 3 2 -36 4 2 -36 6 4 -36 4
4 0 2 -36 4 0 -36 4 0 -36 6 2 -36 6

0

0 Inlined: 1 0 -20 -32 0 1 0 0 0 1 0 0 0 1 stud2.dat
0 Stud 2
0 Name: stud2.dat
0 Author: Chris Dee
0 Official LCad update 99-05

0 Inlined: 1 0 -20 -32 0 4 0 0 0 0 0 0 0 4 4-4edge.dat
0 Official LCad update 98-10

2 8 -16 -32 0 -16 -32 2
2 8 -16 -32 2 -17 -32 3
2 8 -17 -32 3 -18 -32 4
2 8 -18 -32 4 -20 -32 4
2 8 -20 -32 4 -22 -32 4
2 8 -22 -32 4 -23 -32 3
2 8 -23 -32 3 -24 -32 2
2 8 -24 -32 2 -24 -32 0
2 8 -24 -32 0 -24 -32 -2
2 8 -24 -32 -2 -23 -32 -3
2 8 -23 -32 -3 -22 -32 -4
2 8 -22 -32 -4 -20 -32 -4
2 8 -20 -32 -4 -18 -32 -4
2 8 -18 -32 -4 -17 -32 -3
2 8 -17 -32 -3 -16 -32 -2
2 8 -16 -32 -2 -16 -32 0

0 Inlined: 1 0 -20 -32 0 6 0 0 0 0 0 0 0 6 4-4edge.dat
0 Official LCad update 98-10

2 8 -14 -32 0 -14 -32 2
2 8 -14 -32 2 -16 -32 4
2 8 -16 -32 4 -18 -32 6
2 8 -18 -32 6 -20 -32 6
2 8 -20 -32 6 -22 -32 6
2 8 -22 -32 6 -24 -32 4
2 8 -24 -32 4 -26 -32 2
2 8 -26 -32 2 -26 -32 0
2 8 -26 -32 0 -26 -32 -2
2 8 -26 -32 -2 -24 -32 -4
2 8 -24 -32 -4 -22 -32 -6
2 8 -22 -32 -6 -20 -32 -6
2 8 -20 -32 -6 -18 -32 -6
2 8 -18 -32 -6 -16 -32 -4
2 8 -16 -32 -4 -14 -32 -2
2 8 -14 -32 -2 -14 -32 0

0 Inlined: 1 0 -20 -36 0 4 0 0 0 0 0 0 0 4 4-4edge.dat
0 Official LCad update 98-10

2 8 -16 -36 0 -16 -36 2
2 8 -16 -36 2 -17 -36 3
2 8 -17 -36 3 -18 -36 4
2 8 -18 -36 4 -20 -36 4
2 8 -20 -36 4 -22 -36 4
2 8 -22 -36 4 -23 -36 3
2 8 -23 -36 3 -24 -36 2
2 8 -24 -36 2 -24 -36 0
2 8 -24 -36 0 -24 -36 -2
2 8 -24 -36 -2 -23 -36 -3
2 8 -23 -36 -3 -22 -36 -4
2 8 -22 -36 -4 -20 -36 -4
2 8 -20 -36 -4 -18 -36 -4
2 8 -18 -36 -4 -17 -36 -3
2 8 -17 -36 -3 -16 -36 -2
2 8 -16 -36 -2 -16 -36 0

0 Inlined: 1 0 -20 -36 0 6 0 0 0 0 0 0 0 6 4-4edge.dat
0 Official LCad update 98-10

2 8 -14 -36 0 -14 -36 2
2 8 -14 -36 2 -16 -36 4
2 8 -16 -36 4 -18 -36 6
2 8 -18 -36 6 -20 -36 6
2 8 -20 -36 6 -22 -36 6
2 8 -22 -36 6 -24 -36 4
2 8 -24 -36 4 -26 -36 2
2 8 -26 -36 2 -26 -36 0
2 8 -26 -36 0 -26 -36 -2
2 8 -26 -36 -2 -24 -36 -4
2 8 -24 -36 -4 -22 -36 -6
2 8 -22 -36 -6 -20 -36 -6
2 8 -20 -36 -6 -18 -36 -6
2 8 -18 -36 -6 -16 -36 -4
2 8 -16 -36 -4 -14 -36 -2
2 8 -14 -36 -2 -14 -36 0


0 Inlined: 1 0 -20 -36 0 4 0 0 0 4 0 0 0 4 4-4cyli.dat
0 Official LCad update 98-10

4 0 -16 -36 0 -16 -36 2 -16 -32 2 -16 -32 0
5 8 -16 -36 0 -16 -32 0 -16 -36 2 -16 -36 -2
4 0 -16 -36 2 -17 -36 3 -17 -32 3 -16 -32 2
5 8 -16 -36 2 -16 -32 2 -17 -36 3 -16 -36 0
4 0 -17 -36 3 -18 -36 4 -18 -32 4 -17 -32 3
5 8 -17 -36 3 -17 -32 3 -18 -36 4 -16 -36 2
4 0 -18 -36 4 -20 -36 4 -20 -32 4 -18 -32 4
5 8 -18 -36 4 -18 -32 4 -20 -36 4 -17 -36 3
4 0 -20 -36 4 -22 -36 4 -22 -32 4 -20 -32 4
5 8 -20 -36 4 -20 -32 4 -22 -36 4 -18 -36 4
4 0 -22 -36 4 -23 -36 3 -23 -32 3 -22 -32 4
5 8 -22 -36 4 -22 -32 4 -23 -36 3 -20 -36 4
4 0 -23 -36 3 -24 -36 2 -24 -32 2 -23 -32 3
5 8 -23 -36 3 -23 -32 3 -24 -36 2 -22 -36 4
4 0 -24 -36 2 -24 -36 0 -24 -32 0 -24 -32 2
5 8 -24 -36 2 -24 -32 2 -24 -36 0 -23 -36 3
4 0 -24 -36 0 -24 -36 -2 -24 -32 -2 -24 -32 0
5 8 -24 -36 0 -24 -32 0 -24 -36 -2 -24 -36 2
4 0 -24 -36 -2 -23 -36 -3 -23 -32 -3 -24 -32 -2
5 8 -24 -36 -2 -24 -32 -2 -23 -36 -3 -24 -36 0
4 0 -23 -36 -3 -22 -36 -4 -22 -32 -4 -23 -32 -3
5 8 -23 -36 -3 -23 -32 -3 -22 -36 -4 -24 -36 -2
4 0 -22 -36 -4 -20 -36 -4 -20 -32 -4 -22 -32 -4
5 8 -22 -36 -4 -22 -32 -4 -20 -36 -4 -23 -36 -3
4 0 -20 -36 -4 -18 -36 -4 -18 -32 -4 -20 -32 -4
5 8 -20 -36 -4 -20 -32 -4 -18 -36 -4 -22 -36 -4
4 0 -18 -36 -4 -17 -36 -3 -17 -32 -3 -18 -32 -4
5 8 -18 -36 -4 -18 -32 -4 -17 -36 -3 -20 -36 -4
4 0 -17 -36 -3 -16 -36 -2 -16 -32 -2 -17 -32 -3
5 8 -17 -36 -3 -17 -32 -3 -16 -36 -2 -18 -36 -4
4 0 -16 -36 -2 -16 -36 0 -16 -32 0 -16 -32 -2
5 8 -16 -36 -2 -16 -32 -2 -16 -36 0 -17 -36 -3

0 Inlined: 1 0 -20 -36 0 6 0 0 0 4 0 0 0 6 4-4cyli.dat
0 Official LCad update 98-10

4 0 -14 -36 0 -14 -36 2 -14 -32 2 -14 -32 0
5 8 -14 -36 0 -14 -32 0 -14 -36 2 -14 -36 -2
4 0 -14 -36 2 -16 -36 4 -16 -32 4 -14 -32 2
5 8 -14 -36 2 -14 -32 2 -16 -36 4 -14 -36 0
4 0 -16 -36 4 -18 -36 6 -18 -32 6 -16 -32 4
5 8 -16 -36 4 -16 -32 4 -18 -36 6 -14 -36 2
4 0 -18 -36 6 -20 -36 6 -20 -32 6 -18 -32 6
5 8 -18 -36 6 -18 -32 6 -20 -36 6 -16 -36 4
4 0 -20 -36 6 -22 -36 6 -22 -32 6 -20 -32 6
5 8 -20 -36 6 -20 -32 6 -22 -36 6 -18 -36 6
4 0 -22 -36 6 -24 -36 4 -24 -32 4 -22 -32 6
5 8 -22 -36 6 -22 -32 6 -24 -36 4 -20 -36 6
4 0 -24 -36 4 -26 -36 2 -26 -32 2 -24 -32 4
5 8 -24 -36 4 -24 -32 4 -26 -36 2 -22 -36 6
4 0 -26 -36 2 -26 -36 0 -26 -32 0 -26 -32 2
5 8 -26 -36 2 -26 -32 2 -26 -36 0 -24 -36 4
4 0 -26 -36 0 -26 -36 -2 -26 -32 -2 -26 -32 0
5 8 -26 -36 0 -26 -32 0 -26 -36 -2 -26 -36 2
4 0 -26 -36 -2 -24 -36 -4 -24 -32 -4 -26 -32 -2
5 8 -26 -36 -2 -26 -32 -2 -24 -36 -4 -26 -36 0
4 0 -24 -36 -4 -22 -36 -6 -22 -32 -6 -24 -32 -4
5 8 -24 -36 -4 -24 -32 -4 -22 -36 -6 -26 -36 -2
4 0 -22 -36 -6 -20 -36 -6 -20 -32 -6 -22 -32 -6
5 8 -22 -36 -6 -22 -32 -6 -20 -36 -6 -24 -36 -4
4 0 -20 -36 -6 -18 -36 -6 -18 -32 -6 -20 -32 -6
5 8 -20 -36 -6 -20 -32 -6 -18 -36 -6 -22 -36 -6
4 0 -18 -36 -6 -16 -36 -4 -16 -32 -4 -18 -32 -6
5 8 -18 -36 -6 -18 -32 -6 -16 -36 -4 -20 -36 -6
4 0 -16 -36 -4 -14 -36 -2 -14 -32 -2 -16 -32 -4
5 8 -16 -36 -4 -16 -32 -4 -14 -36 -2 -18 -36 -6
4 0 -14 -36 -2 -14 -36 0 -14 -32 0 -14 -32 -2
5 8 -14 -36 -2 -14 -32 -2 -14 -36 0 -16 -36 -4

0 Inlined: 1 0 -20 -36 0 2 0 0 0 0 0 0 0 2 ring2.dat
0 Official LCad update 98-10

4 0 -20 -36 4 -22 -36 4 -22 -36 6 -20 -36 6
4 0 -22 -36 4 -23 -36 3 -24 -36 4 -22 -36 6
4 0 -23 -36 3 -24 -36 2 -26 -36 2 -24 -36 4
4 0 -24 -36 2 -24 -36 0 -26 -36 0 -26 -36 2
4 0 -24 -36 0 -24 -36 -2 -26 -36 -2 -26 -36 0
4 0 -24 -36 -2 -23 -36 -3 -24 -36 -4 -26 -36 -2
4 0 -23 -36 -3 -22 -36 -4 -22 -36 -6 -24 -36 -4
4 0 -22 -36 -4 -20 -36 -4 -20 -36 -6 -22 -36 -6
4 0 -20 -36 -4 -18 -36 -4 -18 -36 -6 -20 -36 -6
4 0 -18 -36 -4 -17 -36 -3 -16 -36 -4 -18 -36 -6
4 0 -17 -36 -3 -16 -36 -2 -14 -36 -2 -16 -36 -4
4 0 -16 -36 -2 -16 -36 0 -14 -36 0 -14 -36 -2
4 0 -16 -36 0 -16 -36 2 -14 -36 2 -14 -36 0
4 0 -16 -36 2 -17 -36 3 -16 -36 4 -14 -36 2
4 0 -17 -36 3 -18 -36 4 -18 -36 6 -16 -36 4
4 0 -18 -36 4 -20 -36 4 -20 -36 6 -18 -36 6

0


0 Inlined: 1 14 -10 -40 0 1 0 0 0 1 0 0 0 1 2412.DAT
0 Tile  1 x  2 Grille

2 8 -7 -32 1 -13 -32 1
2 8 -7 -32 -1 -13 -32 -1
2 8 -7 -36 1 -13 -36 1
2 8 -7 -36 -1 -13 -36 -1
0 Inlined: 1 14 -7 -32 0 0 0 1 0 0 0 1 0 0 2-4edge.dat
2 8 -7 -32 1 -7 -32 1
2 8 -7 -32 1 -6 -32 1
2 8 -6 -32 1 -6 -32 0
2 8 -6 -32 0 -6 -32 0
2 8 -6 -32 0 -6 -32 0
2 8 -6 -32 0 -6 -32 -1
2 8 -6 -32 -1 -7 -32 -1
2 8 -7 -32 -1 -7 -32 -1

0 Inlined: 1 14 -13 -32 0 0 0 -1 0 0 0 1 0 0 2-4edge.dat
2 8 -13 -32 1 -13 -32 1
2 8 -13 -32 1 -14 -32 1
2 8 -14 -32 1 -14 -32 0
2 8 -14 -32 0 -14 -32 0
2 8 -14 -32 0 -14 -32 0
2 8 -14 -32 0 -14 -32 -1
2 8 -14 -32 -1 -13 -32 -1
2 8 -13 -32 -1 -13 -32 -1

0 Inlined: 1 14 -7 -36 0 0 0 1 0 0 0 1 0 0 2-4edge.dat
2 8 -7 -36 1 -7 -36 1
2 8 -7 -36 1 -6 -36 1
2 8 -6 -36 1 -6 -36 0
2 8 -6 -36 0 -6 -36 0
2 8 -6 -36 0 -6 -36 0
2 8 -6 -36 0 -6 -36 -1
2 8 -6 -36 -1 -7 -36 -1
2 8 -7 -36 -1 -7 -36 -1

0 Inlined: 1 14 -13 -36 0 0 0 -1 0 0 0 1 0 0 2-4edge.dat
2 8 -13 -36 1 -13 -36 1
2 8 -13 -36 1 -14 -36 1
2 8 -14 -36 1 -14 -36 0
2 8 -14 -36 0 -14 -36 0
2 8 -14 -36 0 -14 -36 0
2 8 -14 -36 0 -14 -36 -1
2 8 -14 -36 -1 -13 -36 -1
2 8 -13 -36 -1 -13 -36 -1

0 Inlined: 1 14 -7 -32 0 0 0 1 0 0 0 1 0 0 2-4disc.dat
0 Disc
0 Official LCad update 98-10

3 14 -7 -32 0 -7 -32 1 -7 -32 1
3 14 -7 -32 0 -7 -32 1 -6 -32 1
3 14 -7 -32 0 -6 -32 1 -6 -32 0
3 14 -7 -32 0 -6 -32 0 -6 -32 0
3 14 -7 -32 0 -6 -32 0 -6 -32 0
3 14 -7 -32 0 -6 -32 0 -6 -32 -1
3 14 -7 -32 0 -6 -32 -1 -7 -32 -1
3 14 -7 -32 0 -7 -32 -1 -7 -32 -1

0 Inlined: 1 14 -13 -32 0 0 0 -1 0 0 0 1 0 0 2-4disc.dat
0 Disc
0 Official LCad update 98-10

3 14 -13 -32 0 -13 -32 1 -13 -32 1
3 14 -13 -32 0 -13 -32 1 -14 -32 1
3 14 -13 -32 0 -14 -32 1 -14 -32 0
3 14 -13 -32 0 -14 -32 0 -14 -32 0
3 14 -13 -32 0 -14 -32 0 -14 -32 0
3 14 -13 -32 0 -14 -32 0 -14 -32 -1
3 14 -13 -32 0 -14 -32 -1 -13 -32 -1
3 14 -13 -32 0 -13 -32 -1 -13 -32 -1

0 Inlined: 1 14 -7 -36 0 0 0 1 0 4 0 1 0 0 2-4cyli.dat
4 14 -7 -36 1 -7 -36 1 -7 -32 1 -7 -32 1
5 8 -7 -36 1 -7 -32 1 -7 -36 1 -7 -36 1
4 14 -7 -36 1 -6 -36 1 -6 -32 1 -7 -32 1
5 8 -7 -36 1 -7 -32 1 -6 -36 1 -7 -36 1
4 14 -6 -36 1 -6 -36 0 -6 -32 0 -6 -32 1
5 8 -6 -36 1 -6 -32 1 -6 -36 0 -7 -36 1
4 14 -6 -36 0 -6 -36 0 -6 -32 0 -6 -32 0
5 8 -6 -36 0 -6 -32 0 -6 -36 0 -6 -36 1
4 14 -6 -36 0 -6 -36 0 -6 -32 0 -6 -32 0
5 8 -6 -36 0 -6 -32 0 -6 -36 0 -6 -36 0
4 14 -6 -36 0 -6 -36 -1 -6 -32 -1 -6 -32 0
5 8 -6 -36 0 -6 -32 0 -6 -36 -1 -6 -36 0
4 14 -6 -36 -1 -7 -36 -1 -7 -32 -1 -6 -32 -1
5 8 -6 -36 -1 -6 -32 -1 -7 -36 -1 -6 -36 0
4 14 -7 -36 -1 -7 -36 -1 -7 -32 -1 -7 -32 -1
5 8 -7 -36 -1 -7 -32 -1 -7 -36 -1 -6 -36 -1

0 Inlined: 1 14 -13 -36 0 0 0 -1 0 4 0 1 0 0 2-4cyli.dat
4 14 -13 -36 1 -13 -36 1 -13 -32 1 -13 -32 1
5 8 -13 -36 1 -13 -32 1 -13 -36 1 -13 -36 1
4 14 -13 -36 1 -14 -36 1 -14 -32 1 -13 -32 1
5 8 -13 -36 1 -13 -32 1 -14 -36 1 -13 -36 1
4 14 -14 -36 1 -14 -36 0 -14 -32 0 -14 -32 1
5 8 -14 -36 1 -14 -32 1 -14 -36 0 -13 -36 1
4 14 -14 -36 0 -14 -36 0 -14 -32 0 -14 -32 0
5 8 -14 -36 0 -14 -32 0 -14 -36 0 -14 -36 1
4 14 -14 -36 0 -14 -36 0 -14 -32 0 -14 -32 0
5 8 -14 -36 0 -14 -32 0 -14 -36 0 -14 -36 0
4 14 -14 -36 0 -14 -36 -1 -14 -32 -1 -14 -32 0
5 8 -14 -36 0 -14 -32 0 -14 -36 -1 -14 -36 0
4 14 -14 -36 -1 -13 -36 -1 -13 -32 -1 -14 -32 -1
5 8 -14 -36 -1 -14 -32 -1 -13 -36 -1 -14 -36 0
4 14 -13 -36 -1 -13 -36 -1 -13 -32 -1 -13 -32 -1
5 8 -13 -36 -1 -13 -32 -1 -13 -36 -1 -14 -36 -1

4 14 -7 -32 1 -7 -32 -1 -13 -32 -1 -13 -32 1
4 14 -7 -32 1 -7 -36 1 -13 -36 1 -13 -32 1
4 14 -7 -32 -1 -7 -36 -1 -13 -36 -1 -13 -32 -1

2 8 10 -32 10 -30 -32 10
2 8 -30 -32 10 -30 -32 -10
2 8 -30 -32 -10 10 -32 -10
2 8 10 -32 -10 10 -32 10

2 8 6 -32 6 -26 -32 6
2 8 -26 -32 6 -26 -32 -6
2 8 -26 -32 -6 6 -32 -6
2 8 6 -32 -6 6 -32 6

2 8 10 -40 10 -30 -40 10
2 8 -30 -40 10 -30 -40 6
2 8 -30 -40 6 10 -40 6
2 8 10 -40 6 10 -40 10

2 8 10 -36 6 -30 -36 6
2 8 -30 -36 6 -30 -36 2
2 8 -30 -36 2 10 -36 2
2 8 10 -36 2 10 -36 6

2 8 10 -40 2 -30 -40 2
2 8 -30 -40 2 -30 -40 -2
2 8 -30 -40 -2 10 -40 -2
2 8 10 -40 -2 10 -40 2

2 8 10 -36 -2 -30 -36 -2
2 8 -30 -36 -2 -30 -36 -6
2 8 -30 -36 -6 10 -36 -6
2 8 10 -36 -6 10 -36 -2

2 8 10 -40 -6 -30 -40 -6
2 8 -30 -40 -6 -30 -40 -10
2 8 -30 -40 -10 10 -40 -10
2 8 10 -40 -10 10 -40 -6

2 8 10 -40 10 10 -32 10
2 8 -30 -40 10 -30 -32 10
2 8 10 -40 -10 10 -32 -10
2 8 -30 -40 -10 -30 -32 -10

2 8 6 -36 6 6 -32 6
2 8 -26 -36 6 -26 -32 6
2 8 6 -36 -6 6 -32 -6
2 8 -26 -36 -6 -26 -32 -6

2 8 6 -36 6 6 -36 -6
2 8 -26 -36 6 -26 -36 -6

2 8 10 -40 6 10 -36 6
2 8 -30 -40 6 -30 -36 6
2 8 10 -40 -6 10 -36 -6
2 8 -30 -40 -6 -30 -36 -6

2 8 10 -40 2 10 -36 2
2 8 -30 -40 2 -30 -36 2
2 8 10 -40 -2 10 -36 -2
2 8 -30 -40 -2 -30 -36 -2

4 14 10 -32 10 -30 -32 10 -30 -32 6 10 -32 6
4 14 10 -32 -10 -30 -32 -10 -30 -32 -6 10 -32 -6
4 14 10 -32 6 6 -32 6 6 -32 -6 10 -32 -6
4 14 -30 -32 6 -26 -32 6 -26 -32 -6 -30 -32 -6

4 14 10 -32 10 10 -36 10 10 -36 -10 10 -32 -10
4 14 -30 -32 10 -30 -36 10 -30 -36 -10 -30 -32 -10
4 14 6 -32 6 6 -36 6 6 -36 -6 6 -32 -6
4 14 -26 -32 6 -26 -36 6 -26 -36 -6 -26 -32 -6
4 14 10 -36 10 10 -40 10 10 -40 6 10 -36 6
4 14 -30 -36 10 -30 -40 10 -30 -40 6 -30 -36 6
4 14 10 -36 2 10 -40 2 10 -40 -2 10 -36 -2
4 14 -30 -36 2 -30 -40 2 -30 -40 -2 -30 -36 -2
4 14 10 -36 -6 10 -40 -6 10 -40 -10 10 -36 -10
4 14 -30 -36 -6 -30 -40 -6 -30 -40 -10 -30 -36 -10

4 14 10 -36 6 6 -36 6 6 -36 -6 10 -36 -6
4 14 -30 -36 6 -26 -36 6 -26 -36 -6 -30 -36 -6
4 14 6 -36 2 -26 -36 2 -26 -36 -2 6 -36 -2

4 14 10 -32 10 10 -40 10 -30 -40 10 -30 -32 10
4 14 10 -32 6 10 -40 6 -30 -40 6 -30 -32 6
4 14 10 -36 2 10 -40 2 -30 -40 2 -30 -36 2
4 14 10 -36 -2 10 -40 -2 -30 -40 -2 -30 -36 -2
4 14 10 -32 -6 10 -40 -6 -30 -40 -6 -30 -32 -6
4 14 10 -32 -10 10 -40 -10 -30 -40 -10 -30 -32 -10

4 14 10 -40 10 -30 -40 10 -30 -40 6 10 -40 6
4 14 10 -40 2 -30 -40 2 -30 -40 -2 10 -40 -2
4 14 10 -40 -6 -30 -40 -6 -30 -40 -10 10 -40 -10

0
