0 Untitled
0 Name: torsoconvert.dat
0 Author: Ben Vaughan
0 Inlined: 1 0 0 0 0 1 0 0 0 1 0 0 0 1 4315.DAT
0 Hinge Plate  1 x  4 with Car Roof Holder
0 Name: 4315.dat
0 Author: James Jessiman
0 Official LCad update 99-01
0 Inlined: 1 0 20 4 0 1 0 0 0 -1 0 0 0 1 stud3.dat
0 Inlined: 1 0 20 8 0 4 0 0 0 0 0 0 0 4 4-4edge.dat
0 Official LCad update 98-10
0 ROTATION CENTER 0 0 9.2559 1 "Custom" 
0 ROTATION CONFIG 1 1
2 8 24 8 0 24 8 2
2 8 24 8 2 23 8 3
2 8 23 8 3 22 8 4
2 8 22 8 4 20 8 4
2 8 20 8 4 18 8 4
2 8 18 8 4 17 8 3
2 8 17 8 3 16 8 2
2 8 16 8 2 16 8 0
2 8 16 8 0 16 8 -2
2 8 16 8 -2 17 8 -3
2 8 17 8 -3 18 8 -4
2 8 18 8 -4 20 8 -4
2 8 20 8 -4 22 8 -4
2 8 22 8 -4 23 8 -3
2 8 23 8 -3 24 8 -2
2 8 24 8 -2 24 8 0
0 Inlined: 1 0 20 4 0 4 0 0 0 0 0 0 0 4 4-4edge.dat
0 Official LCad update 98-10
2 8 24 4 0 24 4 2
2 8 24 4 2 23 4 3
2 8 23 4 3 22 4 4
2 8 22 4 4 20 4 4
2 8 20 4 4 18 4 4
2 8 18 4 4 17 4 3
2 8 17 4 3 16 4 2
2 8 16 4 2 16 4 0
2 8 16 4 0 16 4 -2
2 8 16 4 -2 17 4 -3
2 8 17 4 -3 18 4 -4
2 8 18 4 -4 20 4 -4
2 8 20 4 -4 22 4 -4
2 8 22 4 -4 23 4 -3
2 8 23 4 -3 24 4 -2
2 8 24 4 -2 24 4 0
0 Inlined: 1 0 20 8 0 4 0 0 0 0 0 0 0 4 4-4disc.dat
0 Disc
0 Official LCad update 98-10
3 0 20 8 0 24 8 0 24 8 2
3 0 20 8 0 24 8 2 23 8 3
3 0 20 8 0 23 8 3 22 8 4
3 0 20 8 0 22 8 4 20 8 4
3 0 20 8 0 20 8 4 18 8 4
3 0 20 8 0 18 8 4 17 8 3
3 0 20 8 0 17 8 3 16 8 2
3 0 20 8 0 16 8 2 16 8 0
3 0 20 8 0 16 8 0 16 8 -2
3 0 20 8 0 16 8 -2 17 8 -3
3 0 20 8 0 17 8 -3 18 8 -4
3 0 20 8 0 18 8 -4 20 8 -4
3 0 20 8 0 20 8 -4 22 8 -4
3 0 20 8 0 22 8 -4 23 8 -3
3 0 20 8 0 23 8 -3 24 8 -2
3 0 20 8 0 24 8 -2 24 8 0
0 Inlined: 1 0 20 8 0 4 0 0 0 -4 0 0 0 4 4-4cyli.dat
0 Official LCad update 98-10
4 0 24 8 0 24 8 2 24 4 2 24 4 0
5 8 24 8 0 24 4 0 24 8 2 24 8 -2
4 0 24 8 2 23 8 3 23 4 3 24 4 2
5 8 24 8 2 24 4 2 23 8 3 24 8 0
4 0 23 8 3 22 8 4 22 4 4 23 4 3
5 8 23 8 3 23 4 3 22 8 4 24 8 2
4 0 22 8 4 20 8 4 20 4 4 22 4 4
5 8 22 8 4 22 4 4 20 8 4 23 8 3
4 0 20 8 4 18 8 4 18 4 4 20 4 4
5 8 20 8 4 20 4 4 18 8 4 22 8 4
4 0 18 8 4 17 8 3 17 4 3 18 4 4
5 8 18 8 4 18 4 4 17 8 3 20 8 4
4 0 17 8 3 16 8 2 16 4 2 17 4 3
5 8 17 8 3 17 4 3 16 8 2 18 8 4
4 0 16 8 2 16 8 0 16 4 0 16 4 2
5 8 16 8 2 16 4 2 16 8 0 17 8 3
4 0 16 8 0 16 8 -2 16 4 -2 16 4 0
5 8 16 8 0 16 4 0 16 8 -2 16 8 2
4 0 16 8 -2 17 8 -3 17 4 -3 16 4 -2
5 8 16 8 -2 16 4 -2 17 8 -3 16 8 0
4 0 17 8 -3 18 8 -4 18 4 -4 17 4 -3
5 8 17 8 -3 17 4 -3 18 8 -4 16 8 -2
4 0 18 8 -4 20 8 -4 20 4 -4 18 4 -4
5 8 18 8 -4 18 4 -4 20 8 -4 17 8 -3
4 0 20 8 -4 22 8 -4 22 4 -4 20 4 -4
5 8 20 8 -4 20 4 -4 22 8 -4 18 8 -4
4 0 22 8 -4 23 8 -3 23 4 -3 22 4 -4
5 8 22 8 -4 22 4 -4 23 8 -3 20 8 -4
4 0 23 8 -3 24 8 -2 24 4 -2 23 4 -3
5 8 23 8 -3 23 4 -3 24 8 -2 22 8 -4
4 0 24 8 -2 24 8 0 24 4 0 24 4 -2
5 8 24 8 -2 24 4 -2 24 8 0 23 8 -3
0 Inlined: 1 0 0 4 0 1 0 0 0 -1 0 0 0 1 stud3.dat
0 Inlined: 1 0 0 8 0 4 0 0 0 0 0 0 0 4 4-4edge.dat
0 Official LCad update 98-10
2 8 4 8 0 4 8 2
2 8 4 8 2 3 8 3
2 8 3 8 3 2 8 4
2 8 2 8 4 0 8 4
2 8 0 8 4 -2 8 4
2 8 -2 8 4 -3 8 3
2 8 -3 8 3 -4 8 2
2 8 -4 8 2 -4 8 0
2 8 -4 8 0 -4 8 -2
2 8 -4 8 -2 -3 8 -3
2 8 -3 8 -3 -2 8 -4
2 8 -2 8 -4 0 8 -4
2 8 0 8 -4 2 8 -4
2 8 2 8 -4 3 8 -3
2 8 3 8 -3 4 8 -2
2 8 4 8 -2 4 8 0
0 Inlined: 1 0 0 4 0 4 0 0 0 0 0 0 0 4 4-4edge.dat
0 Official LCad update 98-10
2 8 4 4 0 4 4 2
2 8 4 4 2 3 4 3
2 8 3 4 3 2 4 4
2 8 2 4 4 0 4 4
2 8 0 4 4 -2 4 4
2 8 -2 4 4 -3 4 3
2 8 -3 4 3 -4 4 2
2 8 -4 4 2 -4 4 0
2 8 -4 4 0 -4 4 -2
2 8 -4 4 -2 -3 4 -3
2 8 -3 4 -3 -2 4 -4
2 8 -2 4 -4 0 4 -4
2 8 0 4 -4 2 4 -4
2 8 2 4 -4 3 4 -3
2 8 3 4 -3 4 4 -2
2 8 4 4 -2 4 4 0
0 Inlined: 1 0 0 8 0 4 0 0 0 0 0 0 0 4 4-4disc.dat
0 Disc
0 Official LCad update 98-10
3 0 0 8 0 4 8 0 4 8 2
3 0 0 8 0 4 8 2 3 8 3
3 0 0 8 0 3 8 3 2 8 4
3 0 0 8 0 2 8 4 0 8 4
3 0 0 8 0 0 8 4 -2 8 4
3 0 0 8 0 -2 8 4 -3 8 3
3 0 0 8 0 -3 8 3 -4 8 2
3 0 0 8 0 -4 8 2 -4 8 0
3 0 0 8 0 -4 8 0 -4 8 -2
3 0 0 8 0 -4 8 -2 -3 8 -3
3 0 0 8 0 -3 8 -3 -2 8 -4
3 0 0 8 0 -2 8 -4 0 8 -4
3 0 0 8 0 0 8 -4 2 8 -4
3 0 0 8 0 2 8 -4 3 8 -3
3 0 0 8 0 3 8 -3 4 8 -2
3 0 0 8 0 4 8 -2 4 8 0
0 Inlined: 1 0 0 8 0 4 0 0 0 -4 0 0 0 4 4-4cyli.dat
0 Official LCad update 98-10
4 0 4 8 0 4 8 2 4 4 2 4 4 0
5 8 4 8 0 4 4 0 4 8 2 4 8 -2
4 0 4 8 2 3 8 3 3 4 3 4 4 2
5 8 4 8 2 4 4 2 3 8 3 4 8 0
4 0 3 8 3 2 8 4 2 4 4 3 4 3
5 8 3 8 3 3 4 3 2 8 4 4 8 2
4 0 2 8 4 0 8 4 0 4 4 2 4 4
5 8 2 8 4 2 4 4 0 8 4 3 8 3
4 0 0 8 4 -2 8 4 -2 4 4 0 4 4
5 8 0 8 4 0 4 4 -2 8 4 2 8 4
4 0 -2 8 4 -3 8 3 -3 4 3 -2 4 4
5 8 -2 8 4 -2 4 4 -3 8 3 0 8 4
4 0 -3 8 3 -4 8 2 -4 4 2 -3 4 3
5 8 -3 8 3 -3 4 3 -4 8 2 -2 8 4
4 0 -4 8 2 -4 8 0 -4 4 0 -4 4 2
5 8 -4 8 2 -4 4 2 -4 8 0 -3 8 3
4 0 -4 8 0 -4 8 -2 -4 4 -2 -4 4 0
5 8 -4 8 0 -4 4 0 -4 8 -2 -4 8 2
4 0 -4 8 -2 -3 8 -3 -3 4 -3 -4 4 -2
5 8 -4 8 -2 -4 4 -2 -3 8 -3 -4 8 0
4 0 -3 8 -3 -2 8 -4 -2 4 -4 -3 4 -3
5 8 -3 8 -3 -3 4 -3 -2 8 -4 -4 8 -2
4 0 -2 8 -4 0 8 -4 0 4 -4 -2 4 -4
5 8 -2 8 -4 -2 4 -4 0 8 -4 -3 8 -3
4 0 0 8 -4 2 8 -4 2 4 -4 0 4 -4
5 8 0 8 -4 0 4 -4 2 8 -4 -2 8 -4
4 0 2 8 -4 3 8 -3 3 4 -3 2 4 -4
5 8 2 8 -4 2 4 -4 3 8 -3 0 8 -4
4 0 3 8 -3 4 8 -2 4 4 -2 3 4 -3
5 8 3 8 -3 3 4 -3 4 8 -2 2 8 -4
4 0 4 8 -2 4 8 0 4 4 0 4 4 -2
5 8 4 8 -2 4 4 -2 4 8 0 3 8 -3
0 Inlined: 1 0 -20 4 0 1 0 0 0 -1 0 0 0 1 stud3.dat
0 Inlined: 1 0 -20 8 0 4 0 0 0 0 0 0 0 4 4-4edge.dat
0 Official LCad update 98-10
2 8 -16 8 0 -16 8 2
2 8 -16 8 2 -17 8 3
2 8 -17 8 3 -18 8 4
2 8 -18 8 4 -20 8 4
2 8 -20 8 4 -22 8 4
2 8 -22 8 4 -23 8 3
2 8 -23 8 3 -24 8 2
2 8 -24 8 2 -24 8 0
2 8 -24 8 0 -24 8 -2
2 8 -24 8 -2 -23 8 -3
2 8 -23 8 -3 -22 8 -4
2 8 -22 8 -4 -20 8 -4
2 8 -20 8 -4 -18 8 -4
2 8 -18 8 -4 -17 8 -3
2 8 -17 8 -3 -16 8 -2
2 8 -16 8 -2 -16 8 0
0 Inlined: 1 0 -20 4 0 4 0 0 0 0 0 0 0 4 4-4edge.dat
0 Official LCad update 98-10
2 8 -16 4 0 -16 4 2
2 8 -16 4 2 -17 4 3
2 8 -17 4 3 -18 4 4
2 8 -18 4 4 -20 4 4
2 8 -20 4 4 -22 4 4
2 8 -22 4 4 -23 4 3
2 8 -23 4 3 -24 4 2
2 8 -24 4 2 -24 4 0
2 8 -24 4 0 -24 4 -2
2 8 -24 4 -2 -23 4 -3
2 8 -23 4 -3 -22 4 -4
2 8 -22 4 -4 -20 4 -4
2 8 -20 4 -4 -18 4 -4
2 8 -18 4 -4 -17 4 -3
2 8 -17 4 -3 -16 4 -2
2 8 -16 4 -2 -16 4 0
0 Inlined: 1 0 -20 8 0 4 0 0 0 0 0 0 0 4 4-4disc.dat
0 Disc
0 Official LCad update 98-10
3 0 -20 8 0 -16 8 0 -16 8 2
3 0 -20 8 0 -16 8 2 -17 8 3
3 0 -20 8 0 -17 8 3 -18 8 4
3 0 -20 8 0 -18 8 4 -20 8 4
3 0 -20 8 0 -20 8 4 -22 8 4
3 0 -20 8 0 -22 8 4 -23 8 3
3 0 -20 8 0 -23 8 3 -24 8 2
3 0 -20 8 0 -24 8 2 -24 8 0
3 0 -20 8 0 -24 8 0 -24 8 -2
3 0 -20 8 0 -24 8 -2 -23 8 -3
3 0 -20 8 0 -23 8 -3 -22 8 -4
3 0 -20 8 0 -22 8 -4 -20 8 -4
3 0 -20 8 0 -20 8 -4 -18 8 -4
3 0 -20 8 0 -18 8 -4 -17 8 -3
3 0 -20 8 0 -17 8 -3 -16 8 -2
3 0 -20 8 0 -16 8 -2 -16 8 0
0 Inlined: 1 0 -20 8 0 4 0 0 0 -4 0 0 0 4 4-4cyli.dat
0 Official LCad update 98-10
4 0 -16 8 0 -16 8 2 -16 4 2 -16 4 0
5 8 -16 8 0 -16 4 0 -16 8 2 -16 8 -2
4 0 -16 8 2 -17 8 3 -17 4 3 -16 4 2
5 8 -16 8 2 -16 4 2 -17 8 3 -16 8 0
4 0 -17 8 3 -18 8 4 -18 4 4 -17 4 3
5 8 -17 8 3 -17 4 3 -18 8 4 -16 8 2
4 0 -18 8 4 -20 8 4 -20 4 4 -18 4 4
5 8 -18 8 4 -18 4 4 -20 8 4 -17 8 3
4 0 -20 8 4 -22 8 4 -22 4 4 -20 4 4
5 8 -20 8 4 -20 4 4 -22 8 4 -18 8 4
4 0 -22 8 4 -23 8 3 -23 4 3 -22 4 4
5 8 -22 8 4 -22 4 4 -23 8 3 -20 8 4
4 0 -23 8 3 -24 8 2 -24 4 2 -23 4 3
5 8 -23 8 3 -23 4 3 -24 8 2 -22 8 4
4 0 -24 8 2 -24 8 0 -24 4 0 -24 4 2
5 8 -24 8 2 -24 4 2 -24 8 0 -23 8 3
4 0 -24 8 0 -24 8 -2 -24 4 -2 -24 4 0
5 8 -24 8 0 -24 4 0 -24 8 -2 -24 8 2
4 0 -24 8 -2 -23 8 -3 -23 4 -3 -24 4 -2
5 8 -24 8 -2 -24 4 -2 -23 8 -3 -24 8 0
4 0 -23 8 -3 -22 8 -4 -22 4 -4 -23 4 -3
5 8 -23 8 -3 -23 4 -3 -22 8 -4 -24 8 -2
4 0 -22 8 -4 -20 8 -4 -20 4 -4 -22 4 -4
5 8 -22 8 -4 -22 4 -4 -20 8 -4 -23 8 -3
4 0 -20 8 -4 -18 8 -4 -18 4 -4 -20 4 -4
5 8 -20 8 -4 -20 4 -4 -18 8 -4 -22 8 -4
4 0 -18 8 -4 -17 8 -3 -17 4 -3 -18 4 -4
5 8 -18 8 -4 -18 4 -4 -17 8 -3 -20 8 -4
4 0 -17 8 -3 -16 8 -2 -16 4 -2 -17 4 -3
5 8 -17 8 -3 -17 4 -3 -16 8 -2 -18 8 -4
4 0 -16 8 -2 -16 8 0 -16 4 0 -16 4 -2
5 8 -16 8 -2 -16 4 -2 -16 8 0 -17 8 -3
0 Inlined: 1 0 0 8 0 36 0 0 0 -4 0 0 0 6 box5.dat
2 8 36 4 6 -36 4 6
2 8 -36 4 6 -36 4 -6
2 8 -36 4 -6 36 4 -6
2 8 36 4 -6 36 4 6
2 8 36 8 6 -36 8 6
2 8 -36 8 6 -36 8 -6
2 8 -36 8 -6 36 8 -6
2 8 36 8 -6 36 8 6
2 8 36 8 6 36 4 6
2 8 -36 8 6 -36 4 6
2 8 36 8 -6 36 4 -6
2 8 -36 8 -6 -36 4 -6
4 0 36 4 6 36 4 -6 -36 4 -6 -36 4 6
4 0 36 4 6 36 8 6 -36 8 6 -36 4 6
4 0 -36 4 6 -36 8 6 -36 8 -6 -36 4 -6
4 0 -36 4 -6 -36 8 -6 36 8 -6 36 4 -6
4 0 36 4 -6 36 8 -6 36 8 6 36 4 6
4 0 40 8 10 36 8 6 -36 8 6 -40 8 10
4 0 -40 8 10 -36 8 6 -36 8 -6 -40 8 -10
4 0 -40 8 -10 -36 8 -6 36 8 -6 40 8 -10
4 0 40 8 -10 36 8 -6 36 8 6 40 8 10
2 8 40 8 10 -40 8 10
2 8 -40 8 10 -40 8 -10
2 8 -36 8 -10 -22 8 -10
2 8 -18 8 -10 -2 8 -10
2 8 2 8 -10 18 8 -10
2 8 22 8 -10 36 8 -10
2 8 40 8 -10 40 8 10
2 8 40 0 10 -40 0 10
2 8 -40 0 10 -40 0 -10
2 8 -36 0 -10 -22 0 -10
2 8 -18 0 -10 -2 0 -10
2 8 2 0 -10 18 0 -10
2 8 22 0 -10 36 0 -10
2 8 40 0 -10 40 0 10
2 8 40 0 10 40 8 10
2 8 -40 0 10 -40 8 10
2 8 -36 0 -10 -36 8 -10
2 8 -22 0 -10 -22 8 -10
2 8 -18 0 -10 -18 8 -10
2 8 -2 0 -10 -2 8 -10
2 8 2 0 -10 2 8 -10
2 8 18 0 -10 18 8 -10
2 8 22 0 -10 22 8 -10
2 8 36 0 -10 36 8 -10
2 8 40 8 -10 40 8 -14
2 8 40 0 -14 40 0 -10
2 8 36 8 -10 36 8 -14
2 8 36 0 -14 36 0 -10
2 8 22 8 -10 22 8 -14
2 8 22 0 -14 22 0 -10
2 8 18 8 -10 18 8 -14
2 8 18 0 -14 18 0 -10
2 8 2 8 -10 2 8 -14
2 8 2 0 -14 2 0 -10
2 8 -2 8 -10 -2 8 -14
2 8 -2 0 -14 -2 0 -10
2 8 -18 8 -10 -18 8 -14
2 8 -18 0 -14 -18 0 -10
2 8 -22 8 -10 -22 8 -14
2 8 -22 0 -14 -22 0 -10
2 8 -36 8 -10 -36 8 -14
2 8 -36 0 -14 -36 0 -10
2 8 -40 8 -10 -40 8 -14
2 8 -40 0 -14 -40 0 -10
0 Inlined: 1 0 40 4 -14 0 0 0 4 0 0 0 0 -4 2-4edge.dat
2 8 40 8 -14 40 8 -16
2 8 40 8 -16 40 7 -17
2 8 40 7 -17 40 6 -18
2 8 40 6 -18 40 4 -18
2 8 40 4 -18 40 2 -18
2 8 40 2 -18 40 1 -17
2 8 40 1 -17 40 0 -16
2 8 40 0 -16 40 0 -14
0 Inlined: 1 0 36 4 -14 0 0 0 4 0 0 0 0 -4 2-4edge.dat
2 8 36 8 -14 36 8 -16
2 8 36 8 -16 36 7 -17
2 8 36 7 -17 36 6 -18
2 8 36 6 -18 36 4 -18
2 8 36 4 -18 36 2 -18
2 8 36 2 -18 36 1 -17
2 8 36 1 -17 36 0 -16
2 8 36 0 -16 36 0 -14
0 Inlined: 1 0 22 4 -14 0 0 0 4 0 0 0 0 -4 2-4edge.dat
2 8 22 8 -14 22 8 -16
2 8 22 8 -16 22 7 -17
2 8 22 7 -17 22 6 -18
2 8 22 6 -18 22 4 -18
2 8 22 4 -18 22 2 -18
2 8 22 2 -18 22 1 -17
2 8 22 1 -17 22 0 -16
2 8 22 0 -16 22 0 -14
0 Inlined: 1 0 18 4 -14 0 0 0 4 0 0 0 0 -4 2-4edge.dat
2 8 18 8 -14 18 8 -16
2 8 18 8 -16 18 7 -17
2 8 18 7 -17 18 6 -18
2 8 18 6 -18 18 4 -18
2 8 18 4 -18 18 2 -18
2 8 18 2 -18 18 1 -17
2 8 18 1 -17 18 0 -16
2 8 18 0 -16 18 0 -14
0 Inlined: 1 0 2 4 -14 0 0 0 4 0 0 0 0 -4 2-4edge.dat
2 8 2 8 -14 2 8 -16
2 8 2 8 -16 2 7 -17
2 8 2 7 -17 2 6 -18
2 8 2 6 -18 2 4 -18
2 8 2 4 -18 2 2 -18
2 8 2 2 -18 2 1 -17
2 8 2 1 -17 2 0 -16
2 8 2 0 -16 2 0 -14
0 Inlined: 1 0 -2 4 -14 0 0 0 4 0 0 0 0 -4 2-4edge.dat
2 8 -2 8 -14 -2 8 -16
2 8 -2 8 -16 -2 7 -17
2 8 -2 7 -17 -2 6 -18
2 8 -2 6 -18 -2 4 -18
2 8 -2 4 -18 -2 2 -18
2 8 -2 2 -18 -2 1 -17
2 8 -2 1 -17 -2 0 -16
2 8 -2 0 -16 -2 0 -14
0 Inlined: 1 0 -18 4 -14 0 0 0 4 0 0 0 0 -4 2-4edge.dat
2 8 -18 8 -14 -18 8 -16
2 8 -18 8 -16 -18 7 -17
2 8 -18 7 -17 -18 6 -18
2 8 -18 6 -18 -18 4 -18
2 8 -18 4 -18 -18 2 -18
2 8 -18 2 -18 -18 1 -17
2 8 -18 1 -17 -18 0 -16
2 8 -18 0 -16 -18 0 -14
0 Inlined: 1 0 -22 4 -14 0 0 0 4 0 0 0 0 -4 2-4edge.dat
2 8 -22 8 -14 -22 8 -16
2 8 -22 8 -16 -22 7 -17
2 8 -22 7 -17 -22 6 -18
2 8 -22 6 -18 -22 4 -18
2 8 -22 4 -18 -22 2 -18
2 8 -22 2 -18 -22 1 -17
2 8 -22 1 -17 -22 0 -16
2 8 -22 0 -16 -22 0 -14
0 Inlined: 1 0 -36 4 -14 0 0 0 4 0 0 0 0 -4 2-4edge.dat
2 8 -36 8 -14 -36 8 -16
2 8 -36 8 -16 -36 7 -17
2 8 -36 7 -17 -36 6 -18
2 8 -36 6 -18 -36 4 -18
2 8 -36 4 -18 -36 2 -18
2 8 -36 2 -18 -36 1 -17
2 8 -36 1 -17 -36 0 -16
2 8 -36 0 -16 -36 0 -14
0 Inlined: 1 0 -40 4 -14 0 0 0 4 0 0 0 0 -4 2-4edge.dat
2 8 -40 8 -14 -40 8 -16
2 8 -40 8 -16 -40 7 -17
2 8 -40 7 -17 -40 6 -18
2 8 -40 6 -18 -40 4 -18
2 8 -40 4 -18 -40 2 -18
2 8 -40 2 -18 -40 1 -17
2 8 -40 1 -17 -40 0 -16
2 8 -40 0 -16 -40 0 -14
4 0 40 0 10 -40 0 10 -40 0 -10 40 0 -10
4 0 40 0 10 40 8 10 -40 8 10 -40 0 10
4 0 -40 0 10 -40 8 10 -40 8 -10 -40 0 -10
4 0 -40 0 -10 -40 8 -10 40 8 -10 40 0 -10
4 0 40 0 -10 40 8 -10 40 8 10 40 0 10
4 0 40 0 -10 40 0 -14 40 8 -14 40 8 -10
4 0 36 0 -10 36 0 -14 36 8 -14 36 8 -10
4 0 22 0 -10 22 0 -14 22 8 -14 22 8 -10
4 0 18 0 -10 18 0 -14 18 8 -14 18 8 -10
4 0 2 0 -10 2 0 -14 2 8 -14 2 8 -10
4 0 -2 0 -10 -2 0 -14 -2 8 -14 -2 8 -10
4 0 -18 0 -10 -18 0 -14 -18 8 -14 -18 8 -10
4 0 -22 0 -10 -22 0 -14 -22 8 -14 -22 8 -10
4 0 -36 0 -10 -36 0 -14 -36 8 -14 -36 8 -10
4 0 -40 0 -10 -40 0 -14 -40 8 -14 -40 8 -10
0 Inlined: 1 0 40 4 -14 0 0 0 4 0 0 0 0 -4 2-4disc.dat
0 Disc
0 Official LCad update 98-10
3 0 40 4 -14 40 8 -14 40 8 -16
3 0 40 4 -14 40 8 -16 40 7 -17
3 0 40 4 -14 40 7 -17 40 6 -18
3 0 40 4 -14 40 6 -18 40 4 -18
3 0 40 4 -14 40 4 -18 40 2 -18
3 0 40 4 -14 40 2 -18 40 1 -17
3 0 40 4 -14 40 1 -17 40 0 -16
3 0 40 4 -14 40 0 -16 40 0 -14
0 Inlined: 1 0 36 4 -14 0 0 0 4 0 0 0 0 -4 2-4disc.dat
0 Disc
0 Official LCad update 98-10
3 0 36 4 -14 36 8 -14 36 8 -16
3 0 36 4 -14 36 8 -16 36 7 -17
3 0 36 4 -14 36 7 -17 36 6 -18
3 0 36 4 -14 36 6 -18 36 4 -18
3 0 36 4 -14 36 4 -18 36 2 -18
3 0 36 4 -14 36 2 -18 36 1 -17
3 0 36 4 -14 36 1 -17 36 0 -16
3 0 36 4 -14 36 0 -16 36 0 -14
0 Inlined: 1 0 22 4 -14 0 0 0 4 0 0 0 0 -4 2-4disc.dat
0 Disc
0 Official LCad update 98-10
3 0 22 4 -14 22 8 -14 22 8 -16
3 0 22 4 -14 22 8 -16 22 7 -17
3 0 22 4 -14 22 7 -17 22 6 -18
3 0 22 4 -14 22 6 -18 22 4 -18
3 0 22 4 -14 22 4 -18 22 2 -18
3 0 22 4 -14 22 2 -18 22 1 -17
3 0 22 4 -14 22 1 -17 22 0 -16
3 0 22 4 -14 22 0 -16 22 0 -14
0 Inlined: 1 0 18 4 -14 0 0 0 4 0 0 0 0 -4 2-4disc.dat
0 Disc
0 Official LCad update 98-10
3 0 18 4 -14 18 8 -14 18 8 -16
3 0 18 4 -14 18 8 -16 18 7 -17
3 0 18 4 -14 18 7 -17 18 6 -18
3 0 18 4 -14 18 6 -18 18 4 -18
3 0 18 4 -14 18 4 -18 18 2 -18
3 0 18 4 -14 18 2 -18 18 1 -17
3 0 18 4 -14 18 1 -17 18 0 -16
3 0 18 4 -14 18 0 -16 18 0 -14
0 Inlined: 1 0 2 4 -14 0 0 0 4 0 0 0 0 -4 2-4disc.dat
0 Disc
0 Official LCad update 98-10
3 0 2 4 -14 2 8 -14 2 8 -16
3 0 2 4 -14 2 8 -16 2 7 -17
3 0 2 4 -14 2 7 -17 2 6 -18
3 0 2 4 -14 2 6 -18 2 4 -18
3 0 2 4 -14 2 4 -18 2 2 -18
3 0 2 4 -14 2 2 -18 2 1 -17
3 0 2 4 -14 2 1 -17 2 0 -16
3 0 2 4 -14 2 0 -16 2 0 -14
0 Inlined: 1 0 -2 4 -14 0 0 0 4 0 0 0 0 -4 2-4disc.dat
0 Disc
0 Official LCad update 98-10
3 0 -2 4 -14 -2 8 -14 -2 8 -16
3 0 -2 4 -14 -2 8 -16 -2 7 -17
3 0 -2 4 -14 -2 7 -17 -2 6 -18
3 0 -2 4 -14 -2 6 -18 -2 4 -18
3 0 -2 4 -14 -2 4 -18 -2 2 -18
3 0 -2 4 -14 -2 2 -18 -2 1 -17
3 0 -2 4 -14 -2 1 -17 -2 0 -16
3 0 -2 4 -14 -2 0 -16 -2 0 -14
0 Inlined: 1 0 -18 4 -14 0 0 0 4 0 0 0 0 -4 2-4disc.dat
0 Disc
0 Official LCad update 98-10
3 0 -18 4 -14 -18 8 -14 -18 8 -16
3 0 -18 4 -14 -18 8 -16 -18 7 -17
3 0 -18 4 -14 -18 7 -17 -18 6 -18
3 0 -18 4 -14 -18 6 -18 -18 4 -18
3 0 -18 4 -14 -18 4 -18 -18 2 -18
3 0 -18 4 -14 -18 2 -18 -18 1 -17
3 0 -18 4 -14 -18 1 -17 -18 0 -16
3 0 -18 4 -14 -18 0 -16 -18 0 -14
0 Inlined: 1 0 -22 4 -14 0 0 0 4 0 0 0 0 -4 2-4disc.dat
0 Disc
0 Official LCad update 98-10
3 0 -22 4 -14 -22 8 -14 -22 8 -16
3 0 -22 4 -14 -22 8 -16 -22 7 -17
3 0 -22 4 -14 -22 7 -17 -22 6 -18
3 0 -22 4 -14 -22 6 -18 -22 4 -18
3 0 -22 4 -14 -22 4 -18 -22 2 -18
3 0 -22 4 -14 -22 2 -18 -22 1 -17
3 0 -22 4 -14 -22 1 -17 -22 0 -16
3 0 -22 4 -14 -22 0 -16 -22 0 -14
0 Inlined: 1 0 -36 4 -14 0 0 0 4 0 0 0 0 -4 2-4disc.dat
0 Disc
0 Official LCad update 98-10
3 0 -36 4 -14 -36 8 -14 -36 8 -16
3 0 -36 4 -14 -36 8 -16 -36 7 -17
3 0 -36 4 -14 -36 7 -17 -36 6 -18
3 0 -36 4 -14 -36 6 -18 -36 4 -18
3 0 -36 4 -14 -36 4 -18 -36 2 -18
3 0 -36 4 -14 -36 2 -18 -36 1 -17
3 0 -36 4 -14 -36 1 -17 -36 0 -16
3 0 -36 4 -14 -36 0 -16 -36 0 -14
0 Inlined: 1 0 -40 4 -14 0 0 0 4 0 0 0 0 -4 2-4disc.dat
0 Disc
0 Official LCad update 98-10
3 0 -40 4 -14 -40 8 -14 -40 8 -16
3 0 -40 4 -14 -40 8 -16 -40 7 -17
3 0 -40 4 -14 -40 7 -17 -40 6 -18
3 0 -40 4 -14 -40 6 -18 -40 4 -18
3 0 -40 4 -14 -40 4 -18 -40 2 -18
3 0 -40 4 -14 -40 2 -18 -40 1 -17
3 0 -40 4 -14 -40 1 -17 -40 0 -16
3 0 -40 4 -14 -40 0 -16 -40 0 -14
4 0 40 8 -10 40 8 -14 36 8 -14 36 8 -10
4 0 40 0 -14 40 0 -10 36 0 -10 36 0 -14
4 0 22 8 -10 22 8 -14 18 8 -14 18 8 -10
4 0 22 0 -14 22 0 -10 18 0 -10 18 0 -14
4 0 2 8 -10 2 8 -14 -2 8 -14 -2 8 -10
4 0 2 0 -14 2 0 -10 -2 0 -10 -2 0 -14
4 0 -18 8 -10 -18 8 -14 -22 8 -14 -22 8 -10
4 0 -18 0 -14 -18 0 -10 -22 0 -10 -22 0 -14
4 0 -36 8 -10 -36 8 -14 -40 8 -14 -40 8 -10
4 0 -36 0 -14 -36 0 -10 -40 0 -10 -40 0 -14
0 Inlined: 1 0 40 4 -14 0 -4 0 4 0 0 0 0 -4 2-4cyli.dat
4 0 40 8 -14 40 8 -16 36 8 -16 36 8 -14
5 8 40 8 -14 36 8 -14 40 8 -16 40 8 -12
4 0 40 8 -16 40 7 -17 36 7 -17 36 8 -16
5 8 40 8 -16 36 8 -16 40 7 -17 40 8 -14
4 0 40 7 -17 40 6 -18 36 6 -18 36 7 -17
5 8 40 7 -17 36 7 -17 40 6 -18 40 8 -16
4 0 40 6 -18 40 4 -18 36 4 -18 36 6 -18
5 8 40 6 -18 36 6 -18 40 4 -18 40 7 -17
4 0 40 4 -18 40 2 -18 36 2 -18 36 4 -18
5 8 40 4 -18 36 4 -18 40 2 -18 40 6 -18
4 0 40 2 -18 40 1 -17 36 1 -17 36 2 -18
5 8 40 2 -18 36 2 -18 40 1 -17 40 4 -18
4 0 40 1 -17 40 0 -16 36 0 -16 36 1 -17
5 8 40 1 -17 36 1 -17 40 0 -16 40 2 -18
4 0 40 0 -16 40 0 -14 36 0 -14 36 0 -16
5 8 40 0 -16 36 0 -16 40 0 -14 40 1 -17
0 Inlined: 1 0 22 4 -14 0 -4 0 4 0 0 0 0 -4 2-4cyli.dat
4 0 22 8 -14 22 8 -16 18 8 -16 18 8 -14
5 8 22 8 -14 18 8 -14 22 8 -16 22 8 -12
4 0 22 8 -16 22 7 -17 18 7 -17 18 8 -16
5 8 22 8 -16 18 8 -16 22 7 -17 22 8 -14
4 0 22 7 -17 22 6 -18 18 6 -18 18 7 -17
5 8 22 7 -17 18 7 -17 22 6 -18 22 8 -16
4 0 22 6 -18 22 4 -18 18 4 -18 18 6 -18
5 8 22 6 -18 18 6 -18 22 4 -18 22 7 -17
4 0 22 4 -18 22 2 -18 18 2 -18 18 4 -18
5 8 22 4 -18 18 4 -18 22 2 -18 22 6 -18
4 0 22 2 -18 22 1 -17 18 1 -17 18 2 -18
5 8 22 2 -18 18 2 -18 22 1 -17 22 4 -18
4 0 22 1 -17 22 0 -16 18 0 -16 18 1 -17
5 8 22 1 -17 18 1 -17 22 0 -16 22 2 -18
4 0 22 0 -16 22 0 -14 18 0 -14 18 0 -16
5 8 22 0 -16 18 0 -16 22 0 -14 22 1 -17
0 Inlined: 1 0 2 4 -14 0 -4 0 4 0 0 0 0 -4 2-4cyli.dat
4 0 2 8 -14 2 8 -16 -2 8 -16 -2 8 -14
5 8 2 8 -14 -2 8 -14 2 8 -16 2 8 -12
4 0 2 8 -16 2 7 -17 -2 7 -17 -2 8 -16
5 8 2 8 -16 -2 8 -16 2 7 -17 2 8 -14
4 0 2 7 -17 2 6 -18 -2 6 -18 -2 7 -17
5 8 2 7 -17 -2 7 -17 2 6 -18 2 8 -16
4 0 2 6 -18 2 4 -18 -2 4 -18 -2 6 -18
5 8 2 6 -18 -2 6 -18 2 4 -18 2 7 -17
4 0 2 4 -18 2 2 -18 -2 2 -18 -2 4 -18
5 8 2 4 -18 -2 4 -18 2 2 -18 2 6 -18
4 0 2 2 -18 2 1 -17 -2 1 -17 -2 2 -18
5 8 2 2 -18 -2 2 -18 2 1 -17 2 4 -18
4 0 2 1 -17 2 0 -16 -2 0 -16 -2 1 -17
5 8 2 1 -17 -2 1 -17 2 0 -16 2 2 -18
4 0 2 0 -16 2 0 -14 -2 0 -14 -2 0 -16
5 8 2 0 -16 -2 0 -16 2 0 -14 2 1 -17
0 Inlined: 1 0 -18 4 -14 0 -4 0 4 0 0 0 0 -4 2-4cyli.dat
4 0 -18 8 -14 -18 8 -16 -22 8 -16 -22 8 -14
5 8 -18 8 -14 -22 8 -14 -18 8 -16 -18 8 -12
4 0 -18 8 -16 -18 7 -17 -22 7 -17 -22 8 -16
5 8 -18 8 -16 -22 8 -16 -18 7 -17 -18 8 -14
4 0 -18 7 -17 -18 6 -18 -22 6 -18 -22 7 -17
5 8 -18 7 -17 -22 7 -17 -18 6 -18 -18 8 -16
4 0 -18 6 -18 -18 4 -18 -22 4 -18 -22 6 -18
5 8 -18 6 -18 -22 6 -18 -18 4 -18 -18 7 -17
4 0 -18 4 -18 -18 2 -18 -22 2 -18 -22 4 -18
5 8 -18 4 -18 -22 4 -18 -18 2 -18 -18 6 -18
4 0 -18 2 -18 -18 1 -17 -22 1 -17 -22 2 -18
5 8 -18 2 -18 -22 2 -18 -18 1 -17 -18 4 -18
4 0 -18 1 -17 -18 0 -16 -22 0 -16 -22 1 -17
5 8 -18 1 -17 -22 1 -17 -18 0 -16 -18 2 -18
4 0 -18 0 -16 -18 0 -14 -22 0 -14 -22 0 -16
5 8 -18 0 -16 -22 0 -16 -18 0 -14 -18 1 -17
0 Inlined: 1 0 -36 4 -14 0 -4 0 4 0 0 0 0 -4 2-4cyli.dat
4 0 -36 8 -14 -36 8 -16 -40 8 -16 -40 8 -14
5 8 -36 8 -14 -40 8 -14 -36 8 -16 -36 8 -12
4 0 -36 8 -16 -36 7 -17 -40 7 -17 -40 8 -16
5 8 -36 8 -16 -40 8 -16 -36 7 -17 -36 8 -14
4 0 -36 7 -17 -36 6 -18 -40 6 -18 -40 7 -17
5 8 -36 7 -17 -40 7 -17 -36 6 -18 -36 8 -16
4 0 -36 6 -18 -36 4 -18 -40 4 -18 -40 6 -18
5 8 -36 6 -18 -40 6 -18 -36 4 -18 -36 7 -17
4 0 -36 4 -18 -36 2 -18 -40 2 -18 -40 4 -18
5 8 -36 4 -18 -40 4 -18 -36 2 -18 -36 6 -18
4 0 -36 2 -18 -36 1 -17 -40 1 -17 -40 2 -18
5 8 -36 2 -18 -40 2 -18 -36 1 -17 -36 4 -18
4 0 -36 1 -17 -36 0 -16 -40 0 -16 -40 1 -17
5 8 -36 1 -17 -40 1 -17 -36 0 -16 -36 2 -18
4 0 -36 0 -16 -36 0 -14 -40 0 -14 -40 0 -16
5 8 -36 0 -16 -40 0 -16 -36 0 -14 -36 1 -17
0 Inlined: 1 0 30 0 0 1 0 0 0 1 0 0 0 1 stud.dat
0 Inlined: 1 0 30 0 0 6 0 0 0 0 0 0 0 6 4-4edge.dat
0 Official LCad update 98-10
2 8 36 0 0 36 0 2
2 8 36 0 2 34 0 4
2 8 34 0 4 32 0 6
2 8 32 0 6 30 0 6
2 8 30 0 6 28 0 6
2 8 28 0 6 26 0 4
2 8 26 0 4 24 0 2
2 8 24 0 2 24 0 0
2 8 24 0 0 24 0 -2
2 8 24 0 -2 26 0 -4
2 8 26 0 -4 28 0 -6
2 8 28 0 -6 30 0 -6
2 8 30 0 -6 32 0 -6
2 8 32 0 -6 34 0 -4
2 8 34 0 -4 36 0 -2
2 8 36 0 -2 36 0 0
0 Inlined: 1 0 30 -4 0 6 0 0 0 0 0 0 0 6 4-4edge.dat
0 Official LCad update 98-10
2 8 36 -4 0 36 -4 2
2 8 36 -4 2 34 -4 4
2 8 34 -4 4 32 -4 6
2 8 32 -4 6 30 -4 6
2 8 30 -4 6 28 -4 6
2 8 28 -4 6 26 -4 4
2 8 26 -4 4 24 -4 2
2 8 24 -4 2 24 -4 0
2 8 24 -4 0 24 -4 -2
2 8 24 -4 -2 26 -4 -4
2 8 26 -4 -4 28 -4 -6
2 8 28 -4 -6 30 -4 -6
2 8 30 -4 -6 32 -4 -6
2 8 32 -4 -6 34 -4 -4
2 8 34 -4 -4 36 -4 -2
2 8 36 -4 -2 36 -4 0
0 Inlined: 1 0 30 0 0 6 0 0 0 -4 0 0 0 6 4-4cyli.dat
0 Official LCad update 98-10
4 0 36 0 0 36 0 2 36 -4 2 36 -4 0
5 8 36 0 0 36 -4 0 36 0 2 36 0 -2
4 0 36 0 2 34 0 4 34 -4 4 36 -4 2
5 8 36 0 2 36 -4 2 34 0 4 36 0 0
4 0 34 0 4 32 0 6 32 -4 6 34 -4 4
5 8 34 0 4 34 -4 4 32 0 6 36 0 2
4 0 32 0 6 30 0 6 30 -4 6 32 -4 6
5 8 32 0 6 32 -4 6 30 0 6 34 0 4
4 0 30 0 6 28 0 6 28 -4 6 30 -4 6
5 8 30 0 6 30 -4 6 28 0 6 32 0 6
4 0 28 0 6 26 0 4 26 -4 4 28 -4 6
5 8 28 0 6 28 -4 6 26 0 4 30 0 6
4 0 26 0 4 24 0 2 24 -4 2 26 -4 4
5 8 26 0 4 26 -4 4 24 0 2 28 0 6
4 0 24 0 2 24 0 0 24 -4 0 24 -4 2
5 8 24 0 2 24 -4 2 24 0 0 26 0 4
4 0 24 0 0 24 0 -2 24 -4 -2 24 -4 0
5 8 24 0 0 24 -4 0 24 0 -2 24 0 2
4 0 24 0 -2 26 0 -4 26 -4 -4 24 -4 -2
5 8 24 0 -2 24 -4 -2 26 0 -4 24 0 0
4 0 26 0 -4 28 0 -6 28 -4 -6 26 -4 -4
5 8 26 0 -4 26 -4 -4 28 0 -6 24 0 -2
4 0 28 0 -6 30 0 -6 30 -4 -6 28 -4 -6
5 8 28 0 -6 28 -4 -6 30 0 -6 26 0 -4
4 0 30 0 -6 32 0 -6 32 -4 -6 30 -4 -6
5 8 30 0 -6 30 -4 -6 32 0 -6 28 0 -6
4 0 32 0 -6 34 0 -4 34 -4 -4 32 -4 -6
5 8 32 0 -6 32 -4 -6 34 0 -4 30 0 -6
4 0 34 0 -4 36 0 -2 36 -4 -2 34 -4 -4
5 8 34 0 -4 34 -4 -4 36 0 -2 32 0 -6
4 0 36 0 -2 36 0 0 36 -4 0 36 -4 -2
5 8 36 0 -2 36 -4 -2 36 0 0 34 0 -4
0 Inlined: 1 0 30 -4 0 6 0 0 0 0 0 0 0 6 4-4disc.dat
0 Disc
0 Official LCad update 98-10
3 0 30 -4 0 36 -4 0 36 -4 2
3 0 30 -4 0 36 -4 2 34 -4 4
3 0 30 -4 0 34 -4 4 32 -4 6
3 0 30 -4 0 32 -4 6 30 -4 6
3 0 30 -4 0 30 -4 6 28 -4 6
3 0 30 -4 0 28 -4 6 26 -4 4
3 0 30 -4 0 26 -4 4 24 -4 2
3 0 30 -4 0 24 -4 2 24 -4 0
3 0 30 -4 0 24 -4 0 24 -4 -2
3 0 30 -4 0 24 -4 -2 26 -4 -4
3 0 30 -4 0 26 -4 -4 28 -4 -6
3 0 30 -4 0 28 -4 -6 30 -4 -6
3 0 30 -4 0 30 -4 -6 32 -4 -6
3 0 30 -4 0 32 -4 -6 34 -4 -4
3 0 30 -4 0 34 -4 -4 36 -4 -2
3 0 30 -4 0 36 -4 -2 36 -4 0
0 Inlined: 1 0 10 0 0 1 0 0 0 1 0 0 0 1 stud.dat
0 Inlined: 1 0 10 0 0 6 0 0 0 0 0 0 0 6 4-4edge.dat
0 Official LCad update 98-10
2 8 16 0 0 16 0 2
2 8 16 0 2 14 0 4
2 8 14 0 4 12 0 6
2 8 12 0 6 10 0 6
2 8 10 0 6 8 0 6
2 8 8 0 6 6 0 4
2 8 6 0 4 4 0 2
2 8 4 0 2 4 0 0
2 8 4 0 0 4 0 -2
2 8 4 0 -2 6 0 -4
2 8 6 0 -4 8 0 -6
2 8 8 0 -6 10 0 -6
2 8 10 0 -6 12 0 -6
2 8 12 0 -6 14 0 -4
2 8 14 0 -4 16 0 -2
2 8 16 0 -2 16 0 0
0 Inlined: 1 0 10 -4 0 6 0 0 0 0 0 0 0 6 4-4edge.dat
0 Official LCad update 98-10
2 8 16 -4 0 16 -4 2
2 8 16 -4 2 14 -4 4
2 8 14 -4 4 12 -4 6
2 8 12 -4 6 10 -4 6
2 8 10 -4 6 8 -4 6
2 8 8 -4 6 6 -4 4
2 8 6 -4 4 4 -4 2
2 8 4 -4 2 4 -4 0
2 8 4 -4 0 4 -4 -2
2 8 4 -4 -2 6 -4 -4
2 8 6 -4 -4 8 -4 -6
2 8 8 -4 -6 10 -4 -6
2 8 10 -4 -6 12 -4 -6
2 8 12 -4 -6 14 -4 -4
2 8 14 -4 -4 16 -4 -2
2 8 16 -4 -2 16 -4 0
0 Inlined: 1 0 10 0 0 6 0 0 0 -4 0 0 0 6 4-4cyli.dat
0 Official LCad update 98-10
4 0 16 0 0 16 0 2 16 -4 2 16 -4 0
5 8 16 0 0 16 -4 0 16 0 2 16 0 -2
4 0 16 0 2 14 0 4 14 -4 4 16 -4 2
5 8 16 0 2 16 -4 2 14 0 4 16 0 0
4 0 14 0 4 12 0 6 12 -4 6 14 -4 4
5 8 14 0 4 14 -4 4 12 0 6 16 0 2
4 0 12 0 6 10 0 6 10 -4 6 12 -4 6
5 8 12 0 6 12 -4 6 10 0 6 14 0 4
4 0 10 0 6 8 0 6 8 -4 6 10 -4 6
5 8 10 0 6 10 -4 6 8 0 6 12 0 6
4 0 8 0 6 6 0 4 6 -4 4 8 -4 6
5 8 8 0 6 8 -4 6 6 0 4 10 0 6
4 0 6 0 4 4 0 2 4 -4 2 6 -4 4
5 8 6 0 4 6 -4 4 4 0 2 8 0 6
4 0 4 0 2 4 0 0 4 -4 0 4 -4 2
5 8 4 0 2 4 -4 2 4 0 0 6 0 4
4 0 4 0 0 4 0 -2 4 -4 -2 4 -4 0
5 8 4 0 0 4 -4 0 4 0 -2 4 0 2
4 0 4 0 -2 6 0 -4 6 -4 -4 4 -4 -2
5 8 4 0 -2 4 -4 -2 6 0 -4 4 0 0
4 0 6 0 -4 8 0 -6 8 -4 -6 6 -4 -4
5 8 6 0 -4 6 -4 -4 8 0 -6 4 0 -2
4 0 8 0 -6 10 0 -6 10 -4 -6 8 -4 -6
5 8 8 0 -6 8 -4 -6 10 0 -6 6 0 -4
4 0 10 0 -6 12 0 -6 12 -4 -6 10 -4 -6
5 8 10 0 -6 10 -4 -6 12 0 -6 8 0 -6
4 0 12 0 -6 14 0 -4 14 -4 -4 12 -4 -6
5 8 12 0 -6 12 -4 -6 14 0 -4 10 0 -6
4 0 14 0 -4 16 0 -2 16 -4 -2 14 -4 -4
5 8 14 0 -4 14 -4 -4 16 0 -2 12 0 -6
4 0 16 0 -2 16 0 0 16 -4 0 16 -4 -2
5 8 16 0 -2 16 -4 -2 16 0 0 14 0 -4
0 Inlined: 1 0 10 -4 0 6 0 0 0 0 0 0 0 6 4-4disc.dat
0 Disc
0 Official LCad update 98-10
3 0 10 -4 0 16 -4 0 16 -4 2
3 0 10 -4 0 16 -4 2 14 -4 4
3 0 10 -4 0 14 -4 4 12 -4 6
3 0 10 -4 0 12 -4 6 10 -4 6
3 0 10 -4 0 10 -4 6 8 -4 6
3 0 10 -4 0 8 -4 6 6 -4 4
3 0 10 -4 0 6 -4 4 4 -4 2
3 0 10 -4 0 4 -4 2 4 -4 0
3 0 10 -4 0 4 -4 0 4 -4 -2
3 0 10 -4 0 4 -4 -2 6 -4 -4
3 0 10 -4 0 6 -4 -4 8 -4 -6
3 0 10 -4 0 8 -4 -6 10 -4 -6
3 0 10 -4 0 10 -4 -6 12 -4 -6
3 0 10 -4 0 12 -4 -6 14 -4 -4
3 0 10 -4 0 14 -4 -4 16 -4 -2
3 0 10 -4 0 16 -4 -2 16 -4 0
0 Inlined: 1 0 -10 0 0 1 0 0 0 1 0 0 0 1 stud.dat
0 Inlined: 1 0 -10 0 0 6 0 0 0 0 0 0 0 6 4-4edge.dat
0 Official LCad update 98-10
2 8 -4 0 0 -4 0 2
2 8 -4 0 2 -6 0 4
2 8 -6 0 4 -8 0 6
2 8 -8 0 6 -10 0 6
2 8 -10 0 6 -12 0 6
2 8 -12 0 6 -14 0 4
2 8 -14 0 4 -16 0 2
2 8 -16 0 2 -16 0 0
2 8 -16 0 0 -16 0 -2
2 8 -16 0 -2 -14 0 -4
2 8 -14 0 -4 -12 0 -6
2 8 -12 0 -6 -10 0 -6
2 8 -10 0 -6 -8 0 -6
2 8 -8 0 -6 -6 0 -4
2 8 -6 0 -4 -4 0 -2
2 8 -4 0 -2 -4 0 0
0 Inlined: 1 0 -10 -4 0 6 0 0 0 0 0 0 0 6 4-4edge.dat
0 Official LCad update 98-10
2 8 -4 -4 0 -4 -4 2
2 8 -4 -4 2 -6 -4 4
2 8 -6 -4 4 -8 -4 6
2 8 -8 -4 6 -10 -4 6
2 8 -10 -4 6 -12 -4 6
2 8 -12 -4 6 -14 -4 4
2 8 -14 -4 4 -16 -4 2
2 8 -16 -4 2 -16 -4 0
2 8 -16 -4 0 -16 -4 -2
2 8 -16 -4 -2 -14 -4 -4
2 8 -14 -4 -4 -12 -4 -6
2 8 -12 -4 -6 -10 -4 -6
2 8 -10 -4 -6 -8 -4 -6
2 8 -8 -4 -6 -6 -4 -4
2 8 -6 -4 -4 -4 -4 -2
2 8 -4 -4 -2 -4 -4 0
0 Inlined: 1 0 -10 0 0 6 0 0 0 -4 0 0 0 6 4-4cyli.dat
0 Official LCad update 98-10
4 0 -4 0 0 -4 0 2 -4 -4 2 -4 -4 0
5 8 -4 0 0 -4 -4 0 -4 0 2 -4 0 -2
4 0 -4 0 2 -6 0 4 -6 -4 4 -4 -4 2
5 8 -4 0 2 -4 -4 2 -6 0 4 -4 0 0
4 0 -6 0 4 -8 0 6 -8 -4 6 -6 -4 4
5 8 -6 0 4 -6 -4 4 -8 0 6 -4 0 2
4 0 -8 0 6 -10 0 6 -10 -4 6 -8 -4 6
5 8 -8 0 6 -8 -4 6 -10 0 6 -6 0 4
4 0 -10 0 6 -12 0 6 -12 -4 6 -10 -4 6
5 8 -10 0 6 -10 -4 6 -12 0 6 -8 0 6
4 0 -12 0 6 -14 0 4 -14 -4 4 -12 -4 6
5 8 -12 0 6 -12 -4 6 -14 0 4 -10 0 6
4 0 -14 0 4 -16 0 2 -16 -4 2 -14 -4 4
5 8 -14 0 4 -14 -4 4 -16 0 2 -12 0 6
4 0 -16 0 2 -16 0 0 -16 -4 0 -16 -4 2
5 8 -16 0 2 -16 -4 2 -16 0 0 -14 0 4
4 0 -16 0 0 -16 0 -2 -16 -4 -2 -16 -4 0
5 8 -16 0 0 -16 -4 0 -16 0 -2 -16 0 2
4 0 -16 0 -2 -14 0 -4 -14 -4 -4 -16 -4 -2
5 8 -16 0 -2 -16 -4 -2 -14 0 -4 -16 0 0
4 0 -14 0 -4 -12 0 -6 -12 -4 -6 -14 -4 -4
5 8 -14 0 -4 -14 -4 -4 -12 0 -6 -16 0 -2
4 0 -12 0 -6 -10 0 -6 -10 -4 -6 -12 -4 -6
5 8 -12 0 -6 -12 -4 -6 -10 0 -6 -14 0 -4
4 0 -10 0 -6 -8 0 -6 -8 -4 -6 -10 -4 -6
5 8 -10 0 -6 -10 -4 -6 -8 0 -6 -12 0 -6
4 0 -8 0 -6 -6 0 -4 -6 -4 -4 -8 -4 -6
5 8 -8 0 -6 -8 -4 -6 -6 0 -4 -10 0 -6
4 0 -6 0 -4 -4 0 -2 -4 -4 -2 -6 -4 -4
5 8 -6 0 -4 -6 -4 -4 -4 0 -2 -8 0 -6
4 0 -4 0 -2 -4 0 0 -4 -4 0 -4 -4 -2
5 8 -4 0 -2 -4 -4 -2 -4 0 0 -6 0 -4
0 Inlined: 1 0 -10 -4 0 6 0 0 0 0 0 0 0 6 4-4disc.dat
0 Disc
0 Official LCad update 98-10
3 0 -10 -4 0 -4 -4 0 -4 -4 2
3 0 -10 -4 0 -4 -4 2 -6 -4 4
3 0 -10 -4 0 -6 -4 4 -8 -4 6
3 0 -10 -4 0 -8 -4 6 -10 -4 6
3 0 -10 -4 0 -10 -4 6 -12 -4 6
3 0 -10 -4 0 -12 -4 6 -14 -4 4
3 0 -10 -4 0 -14 -4 4 -16 -4 2
3 0 -10 -4 0 -16 -4 2 -16 -4 0
3 0 -10 -4 0 -16 -4 0 -16 -4 -2
3 0 -10 -4 0 -16 -4 -2 -14 -4 -4
3 0 -10 -4 0 -14 -4 -4 -12 -4 -6
3 0 -10 -4 0 -12 -4 -6 -10 -4 -6
3 0 -10 -4 0 -10 -4 -6 -8 -4 -6
3 0 -10 -4 0 -8 -4 -6 -6 -4 -4
3 0 -10 -4 0 -6 -4 -4 -4 -4 -2
3 0 -10 -4 0 -4 -4 -2 -4 -4 0
0 Inlined: 1 0 -30 0 0 1 0 0 0 1 0 0 0 1 stud.dat
0 Inlined: 1 0 -30 0 0 6 0 0 0 0 0 0 0 6 4-4edge.dat
0 Official LCad update 98-10
2 8 -24 0 0 -24 0 2
2 8 -24 0 2 -26 0 4
2 8 -26 0 4 -28 0 6
2 8 -28 0 6 -30 0 6
2 8 -30 0 6 -32 0 6
2 8 -32 0 6 -34 0 4
2 8 -34 0 4 -36 0 2
2 8 -36 0 2 -36 0 0
2 8 -36 0 0 -36 0 -2
2 8 -36 0 -2 -34 0 -4
2 8 -34 0 -4 -32 0 -6
2 8 -32 0 -6 -30 0 -6
2 8 -30 0 -6 -28 0 -6
2 8 -28 0 -6 -26 0 -4
2 8 -26 0 -4 -24 0 -2
2 8 -24 0 -2 -24 0 0
0 Inlined: 1 0 -30 -4 0 6 0 0 0 0 0 0 0 6 4-4edge.dat
0 Official LCad update 98-10
2 8 -24 -4 0 -24 -4 2
2 8 -24 -4 2 -26 -4 4
2 8 -26 -4 4 -28 -4 6
2 8 -28 -4 6 -30 -4 6
2 8 -30 -4 6 -32 -4 6
2 8 -32 -4 6 -34 -4 4
2 8 -34 -4 4 -36 -4 2
2 8 -36 -4 2 -36 -4 0
2 8 -36 -4 0 -36 -4 -2
2 8 -36 -4 -2 -34 -4 -4
2 8 -34 -4 -4 -32 -4 -6
2 8 -32 -4 -6 -30 -4 -6
2 8 -30 -4 -6 -28 -4 -6
2 8 -28 -4 -6 -26 -4 -4
2 8 -26 -4 -4 -24 -4 -2
2 8 -24 -4 -2 -24 -4 0
0 Inlined: 1 0 -30 0 0 6 0 0 0 -4 0 0 0 6 4-4cyli.dat
0 Official LCad update 98-10
4 0 -24 0 0 -24 0 2 -24 -4 2 -24 -4 0
5 8 -24 0 0 -24 -4 0 -24 0 2 -24 0 -2
4 0 -24 0 2 -26 0 4 -26 -4 4 -24 -4 2
5 8 -24 0 2 -24 -4 2 -26 0 4 -24 0 0
4 0 -26 0 4 -28 0 6 -28 -4 6 -26 -4 4
5 8 -26 0 4 -26 -4 4 -28 0 6 -24 0 2
4 0 -28 0 6 -30 0 6 -30 -4 6 -28 -4 6
5 8 -28 0 6 -28 -4 6 -30 0 6 -26 0 4
4 0 -30 0 6 -32 0 6 -32 -4 6 -30 -4 6
5 8 -30 0 6 -30 -4 6 -32 0 6 -28 0 6
4 0 -32 0 6 -34 0 4 -34 -4 4 -32 -4 6
5 8 -32 0 6 -32 -4 6 -34 0 4 -30 0 6
4 0 -34 0 4 -36 0 2 -36 -4 2 -34 -4 4
5 8 -34 0 4 -34 -4 4 -36 0 2 -32 0 6
4 0 -36 0 2 -36 0 0 -36 -4 0 -36 -4 2
5 8 -36 0 2 -36 -4 2 -36 0 0 -34 0 4
4 0 -36 0 0 -36 0 -2 -36 -4 -2 -36 -4 0
5 8 -36 0 0 -36 -4 0 -36 0 -2 -36 0 2
4 0 -36 0 -2 -34 0 -4 -34 -4 -4 -36 -4 -2
5 8 -36 0 -2 -36 -4 -2 -34 0 -4 -36 0 0
4 0 -34 0 -4 -32 0 -6 -32 -4 -6 -34 -4 -4
5 8 -34 0 -4 -34 -4 -4 -32 0 -6 -36 0 -2
4 0 -32 0 -6 -30 0 -6 -30 -4 -6 -32 -4 -6
5 8 -32 0 -6 -32 -4 -6 -30 0 -6 -34 0 -4
4 0 -30 0 -6 -28 0 -6 -28 -4 -6 -30 -4 -6
5 8 -30 0 -6 -30 -4 -6 -28 0 -6 -32 0 -6
4 0 -28 0 -6 -26 0 -4 -26 -4 -4 -28 -4 -6
5 8 -28 0 -6 -28 -4 -6 -26 0 -4 -30 0 -6
4 0 -26 0 -4 -24 0 -2 -24 -4 -2 -26 -4 -4
5 8 -26 0 -4 -26 -4 -4 -24 0 -2 -28 0 -6
4 0 -24 0 -2 -24 0 0 -24 -4 0 -24 -4 -2
5 8 -24 0 -2 -24 -4 -2 -24 0 0 -26 0 -4
0 Inlined: 1 0 -30 -4 0 6 0 0 0 0 0 0 0 6 4-4disc.dat
0 Disc
0 Official LCad update 98-10
3 0 -30 -4 0 -24 -4 0 -24 -4 2
3 0 -30 -4 0 -24 -4 2 -26 -4 4
3 0 -30 -4 0 -26 -4 4 -28 -4 6
3 0 -30 -4 0 -28 -4 6 -30 -4 6
3 0 -30 -4 0 -30 -4 6 -32 -4 6
3 0 -30 -4 0 -32 -4 6 -34 -4 4
3 0 -30 -4 0 -34 -4 4 -36 -4 2
3 0 -30 -4 0 -36 -4 2 -36 -4 0
3 0 -30 -4 0 -36 -4 0 -36 -4 -2
3 0 -30 -4 0 -36 -4 -2 -34 -4 -4
3 0 -30 -4 0 -34 -4 -4 -32 -4 -6
3 0 -30 -4 0 -32 -4 -6 -30 -4 -6
3 0 -30 -4 0 -30 -4 -6 -28 -4 -6
3 0 -30 -4 0 -28 -4 -6 -26 -4 -4
3 0 -30 -4 0 -26 -4 -4 -24 -4 -2
3 0 -30 -4 0 -24 -4 -2 -24 -4 0
1 0 0 0 50 1 0 0 0 1 0 0 0 1 3031.DAT
1 7 -30 -8 30 0 0 1 0 1 0 -1 0 0 3710.DAT
1 7 30 -8 30 0 0 1 0 1 0 -1 0 0 3710.DAT
1 7 30 -56 10 0 0 1 0 1 0 -1 0 0 4864b.dat
1 7 -30 -56 10 0 0 -1 0 1 0 1 0 0 4864b.dat
1 7 30 -32 50 0 0 -1 0 1 0 1 0 0 3660.DAT
1 7 -30 -32 50 0 0 1 0 1 0 -1 0 0 3660.DAT
1 7 -30 -56 50 0 0 1 0 1 0 -1 0 0 3004.DAT
1 7 30 -56 50 0 0 1 0 1 0 -1 0 0 3004.DAT
1 7 50 -56 60 -1 0 0 0 1 0 0 0 -1 3665.DAT
1 7 -50 -56 60 -1 0 0 0 1 0 0 0 -1 3665.DAT
1 7 50 -56 40 1 0 0 0 1 0 0 0 1 4287.DAT
1 7 -50 -56 40 1 0 0 0 1 0 0 0 1 4287.DAT
1 0 -50 -80 0 1 0 0 0 1 0 0 0 1 3005.DAT
1 0 50 -80 0 1 0 0 0 1 0 0 0 1 3005.DAT
1 0 -50 -80 30 0 0 1 0 1 0 -1 0 0 3700.DAT
1 0 -30 -80 30 0 0 1 0 1 0 -1 0 0 3700.DAT
1 0 50 -80 30 0 0 1 0 1 0 -1 0 0 3700.DAT
1 0 30 -80 30 0 0 1 0 1 0 -1 0 0 3700.DAT
1 7 50 -70 30 -1 0 0 0 1 0 0 0 -1 32054.DAT
1 7 -50 -70 30 1 0 0 0 1 0 0 0 1 32054.DAT
1 0 50 -80 60 0 0 -1 0 1 0 1 0 0 2357.DAT
1 0 -50 -80 60 1 0 0 0 1 0 0 0 1 2357.DAT
1 0 -30 -64 0 1 0 0 0 1 0 0 0 1 3024.DAT
1 0 30 -64 0 1 0 0 0 1 0 0 0 1 3024.DAT
1 0 30 -88 20 1 0 0 0 1 0 0 0 1 3024.DAT
1 0 -30 -88 20 1 0 0 0 1 0 0 0 1 3024.DAT
1 0 -30 -88 -10 0 0 1 0 1 0 -1 0 0 3004.DAT
1 0 30 -88 -10 0 0 1 0 1 0 -1 0 0 3004.DAT
1 7 0 -96 -10 0 0 1 0 1 0 -1 0 0 3031.DAT
1 0 0 -88 -40 1 0 0 0 1 0 0 0 1 3297.DAT
1 7 50 -104 20 1 0 0 0 1 0 0 0 1 3040b.dat
1 7 50 -104 60 -1 0 0 0 1 0 0 0 -1 3040b.dat
1 7 -50 -104 60 -1 0 0 0 1 0 0 0 -1 3040b.dat
1 7 -50 -104 20 1 0 0 0 1 0 0 0 1 3040b.dat
1 7 -40 -104 40 1 0 0 0 1 0 0 0 1 3004.DAT
1 7 40 -104 40 1 0 0 0 1 0 0 0 1 3004.DAT
1 7 0 -24 50 0 0 1 0 1 0 -1 0 0 3941.DAT
1 14 0 -48 50 0 0 1 0 1 0 -1 0 0 3941.DAT
1 7 0 -72 50 0 0 1 0 1 0 -1 0 0 3941.DAT
1 14 0 -96 50 0 0 1 0 1 0 -1 0 0 3941.DAT
1 7 0 -24 80 -1 0 0 0 1 0 0 0 -1 3747a.dat
1 7 0 -48 80 -1 0 0 0 1 0 0 0 -1 3004.DAT
1 7 0 -72 80 -1 0 0 0 1 0 0 0 -1 3004.DAT
1 7 -10 -48 110 0 0 -1 0 1 0 1 0 0 3700.DAT
1 7 10 -48 110 0 0 -1 0 1 0 1 0 0 3700.DAT
1 7 0 -80 80 -1 0 0 0 1 0 0 0 -1 3839b.dat
1 7 0 -56 100 -1 0 0 0 1 0 0 0 -1 3023.DAT
1 7 0 -64 100 -1 0 0 0 1 0 0 0 -1 3023.DAT
1 7 0 -104 80 -1 0 0 0 1 0 0 0 -1 3937.DAT
1 7 0 -88 100 -1 0 0 0 1 0 0 0 -1 3937.DAT
1 7 0 -72 120 -1 0 0 0 1 0 0 0 -1 3937.DAT
1 7 -30 -104 60 -1 0 0 0 1 0 0 0 -1 3062B.DAT
1 7 -30 -112 60 -1 0 0 0 1 0 0 0 -1 4073.DAT
1 7 -50 -112 30 0 0 -1 0 1 0 1 0 0 3069b.dat
1 8 30 -104 60 -1 0 0 0 1 0 0 0 -1 6541.DAT
1 7 40 -112 50 0 0 -1 0 1 0 1 0 0 3068b.dat
1 7 0 -104 20 -1 0 0 0 1 0 0 0 -1 3794a.dat
0