0
1 7 0 0 -500 -1 0 0 0 -1 0 0 0 1 3960.DAT
1 0 0 -22 -500 0 -1 0 1 0 0 0 0 1 3704.DAT
1 7 0 -40 -500 1 0 0 0 1 0 0 0 1 3941.DAT
1 7 -30 -40 -450 -1 0 0 0 1 0 0 0 -1 240.DAT
1 7 30 -40 -450 -1 0 0 0 1 0 0 0 -1 240.DAT
1 7 30 -40 -510 1 0 0 0 1 0 0 0 1 240.DAT
1 7 -30 -40 -510 1 0 0 0 1 0 0 0 1 240.DAT
1 7 0 -40 -530 1 0 0 0 1 0 0 0 1 56.DAT
1 7 0 -40 -470 -1 0 0 0 1 0 0 0 -1 56.DAT
1 7 -30 -40 -480 0 0 1 0 1 0 -1 0 0 3004.DAT
1 7 30 -40 -480 0 0 1 0 1 0 -1 0 0 3004.DAT
1 7 0 -48 -500 0 0 1 0 1 0 -1 0 0 3032.DAT
1 7 90 -48 -320 0 0 -1 0 1 0 1 0 0 3585.DAT
1 7 -90 -48 -320 0 0 1 0 1 0 -1 0 0 3586.DAT
1 7 -80 -40 -300 1 0 0 0 1 0 0 0 1 3679.DAT
0 Inlined:  1 7 -80 -32 -330 1 0 0 0 1 0 0 0 1 paciitur.DAT
0 Name: pacii.DAT
1 8 -80 -32 -330 1 0 0 0 1 0 0 0 1 3938.DAT
1 8 -80 -40 -320 1 0 0 0 1 0 0 0 1 3680.DAT
1 7 -80 -32 -300 1 0 0 0 1 0 0 0 1 4032.DAT
1 7 -80 -24 -300 1 0 0 0 1 0 0 0 1 2654.DAT
1 8 -80 -40 -290 1 0 0 0 1 0 0 0 1 3069.DAT
0 Inlined: 1 8 -80 -24 -320 1 0 0 0 0.98 -0.17 0 0.17 0.98 paciibar.DAT
0 Name: paciibar.DAT
1 8 -80 -24 -320 1 0 0 0 0.17 0.98 0 -0.98 0.17 3937.DAT
1 7 -90 -19.92 -343.52 1 0 0 0 0.17 0.98 0 -0.98 0.17 179.DAT
1 7 -70 -19.92 -343.52 1 0 0 0 0.17 0.98 0 -0.98 0.17 179.DAT
1 7 -90 -18.56 -351.36 1 0 0 0 0.17 0.98 0 -0.98 0.17 179.DAT
1 8 -70 -14.56 -362.78 0 0 1 -0.17 -0.98 0 0.98 -0.17 0 174.DAT
1 8 -70 -5.02 -371.22 0 0 1 -0.17 -0.98 0 0.98 -0.17 0 3069.DAT
1 8 -70 -11.16 -382.38 1 0 0 0 -0.98 0.17 0 -0.17 -0.98 3024.DAT
1 7 -90 -11.76 -390.56 1 0 0 0 -0.17 -0.98 0 0.98 -0.17 3062.DAT
1 8 -90 -10.4 -398.4 1 0 0 0 -0.17 -0.98 0 0.98 -0.17 179.DAT
1 42 -90 -6.32 -421.92 1 0 0 0 -0.17 -0.98 0 0.98 -0.17 299.DAT
0
0
1 8 80 -40 -320 1 0 0 0 1 0 0 0 1 4032.DAT
1 8 80 -32 -320 1 0 0 0 1 0 0 0 1 4032.DAT
1 8 80 -24 -320 1 0 0 0 1 0 0 0 1 2654.DAT
1 7 -60 -40 -140 0 0 1 0 1 0 -1 0 0 2445.DAT
1 7 60 -40 -140 0 0 1 0 1 0 -1 0 0 2445.DAT
1 7 0 -48 -140 1 0 0 0 1 0 0 0 1 3033.DAT
1 7 0 -48 -20 1 0 0 0 1 0 0 0 1 3033.DAT
1 7 0 -40 0 0 0 1 0 1 0 -1 0 0 3795.DAT
1 7 -90 -40 40 0 0 1 0 1 0 -1 0 0 3710.DAT
1 7 90 -40 40 0 0 1 0 1 0 -1 0 0 3710.DAT
1 7 40 -40 70 -1 0 0 0 1 0 0 0 -1 4315.DAT
1 7 -40 -40 70 -1 0 0 0 1 0 0 0 -1 4315.DAT
1 7 0 -32 40 0 0 1 0 1 0 -1 0 0 3020.DAT
1 7 80 -48 60 1 0 0 0 1 0 0 0 1 3034.DAT
1 7 -80 -48 60 -1 0 0 0 1 0 0 0 -1 3034.DAT
1 7 -30 -56 -380 0 0 1 0 1 0 -1 0 0 3710.DAT
1 7 30 -56 -380 0 0 1 0 1 0 -1 0 0 3710.DAT
1 7 40 -56 -260 0 0 1 0 1 0 -1 0 0 3034.DAT
1 7 -40 -56 -260 0 0 1 0 1 0 -1 0 0 3034.DAT
1 7 -30 -80 -380 0 0 1 0 1 0 -1 0 0 3701.DAT
1 7 -30 -64 -300 0 0 1 0 1 0 -1 0 0 2431.DAT
1 7 -30 -64 -240 0 0 1 0 1 0 -1 0 0 3069.DAT
1 7 0 -64 -210 -1 0 0 0 1 0 0 0 -1 2431.DAT
1 7 30 -64 -240 0 0 1 0 1 0 -1 0 0 3069.DAT
1 7 30 -64 -300 0 0 1 0 1 0 -1 0 0 2431.DAT
0 Inlined:  1 16 0 0 0 1 0 0 0 1 0 0 0 1 nosegrdn.dat
0 Name: nosegrdn.DAT
0 Inlined: 1 7 0 -70 -380 1 0 0 0 -0.8 0.6 0 -0.6 -0.8 nsgearb.DAT
0
1 0 10 -70 -380 1 0 0 0 -0.8 0.6 0 -0.6 -0.8 205.DAT
1 7 -10 -70 -380 0 -1 0 -0.8 0 0.6 -0.6 0 -0.8 2825.DAT
1 7 10 -70 -380 0 1 0 0.8 0 0.6 0.6 0 -0.8 2825.DAT
1 0 0 -34 -428 1 0 0 0 -0.8 0.6 0 -0.6 -0.8 3704.DAT
1 7 49 -70 -380 0 0 -1 0.6 -0.8 0 -0.8 -0.6 0 3647.DAT
0
0 Inlined: 1 7 0 -34 -428 1 0 0 0 0.93 -0.36 0 0.36 0.93 nsgeara.DAT
0
1 7 0 -41.2 -409.4 0 0 1 -0.93 0.36 0 -0.36 -0.93 0 6536.DAT
1 0 0 -31.9 -405.8 0 -1 0 0.93 0 -0.36 0.36 0 0.93 3704.DAT
1 7 0 -22.6 -402.2 -1 0 0 0 -0.93 -0.36 0 -0.36 0.93 2825.DAT
1 0 0 -53.5 -350 0 -1 0 0.93 0 -0.36 0.36 0 0.93 3704.DAT
1 7 0 -62.8 -353.6 0 0 1 0.93 -0.36 0 0.36 0.93 0 6536.DAT
1 0 0 -70 -335 1 0 0 0 0.93 -0.36 0 0.36 0.93 3705.DAT
1 7 -15 -70 -335 0 0 1 0.36 0.93 0 -0.93 0.36 0 4265.DAT
1 7 15 -70 -335 0 0 -1 -0.36 0.93 0 0.93 0.36 0 4265.DAT
1 7 0 -13.3 -398.6 -1 0 0 0 0.93 0.36 0 0.36 -0.93 4860.DAT
1 7 11 19.43 -403.04 0 0 -1 -0.36 0.93 0 0.93 0.36 0 4601.DAT
1 0 11 19.43 -403.04 1 0 0 0 0.93 -0.36 0 0.36 0.93 7.DAT
1 7 -11 19.43 -403.04 0 0 1 0.36 0.93 0 -0.93 0.36 0 4601.DAT
1 0 -11 19.43 -403.04 1 0 0 0 0.93 -0.36 0 0.36 0.93 7.DAT
0
0

0 1 16 0 0 0 1 0 0 0 1 0 0 0 1 nosegrup.dat
1 7 30 -80 -380 0 0 1 0 1 0 -1 0 0 3701.DAT
1 7 -90 -56 -140 0 0 1 0 1 0 -1 0 0 4477.DAT
1 7 -90 -56 20 0 0 1 0 1 0 -1 0 0 3666.DAT
1 7 90 -56 20 0 0 1 0 1 0 -1 0 0 3666.DAT
1 7 90 -56 -140 0 0 1 0 1 0 -1 0 0 4477.DAT
1 7 70 -56 -190 1 0 0 0 1 0 0 0 1 3024.DAT
1 7 -70 -56 -190 1 0 0 0 1 0 0 0 1 3024.DAT
1 7 0 -56 -190 1 0 0 0 1 0 0 0 1 3023.DAT
1 7 0 -80 -190 1 0 0 0 1 0 0 0 1 3008.DAT
1 7 -30 -88 -280 0 0 1 0 1 0 -1 0 0 4477.DAT
1 7 30 -88 -280 0 0 1 0 1 0 -1 0 0 4477.DAT
1 7 -30 -72 -440 0 0 1 0 1 0 -1 0 0 3004.DAT
1 7 30 -72 -440 0 0 1 0 1 0 -1 0 0 3004.DAT
1 7 -30 -72 -480 0 0 1 0 1 0 -1 0 0 3700.DAT
1 7 30 -72 -480 0 0 1 0 1 0 -1 0 0 3700.DAT
1 7 -30 -72 -520 0 0 1 0 1 0 -1 0 0 3004.DAT
1 7 30 -72 -520 0 0 1 0 1 0 -1 0 0 3004.DAT
1 7 -40 -62 -480 -1 0 0 0 1 0 0 0 -1 4274.DAT
1 7 40 -62 -480 1 0 0 0 1 0 0 0 1 4274.DAT
1 7 56 -62 -480 0 -1 0 1 0 0 0 0 1 3960.DAT
1 7 -56 -62 -480 0 1 0 -1 0 0 0 0 1 3960.DAT
1 0 -10 -56 -530 1 0 0 0 1 0 0 0 1 298.DAT
1 0 -10 -56 -530 1 0 0 0 1 0 0 0 1 297.DAT
1 0 10 -56 -530 1 0 0 0 1 0 0 0 1 298.DAT
1 0 10 -56 -530 1 0 0 0 1 0 0 0 1 297.DAT
1 7 -30 -72 -550 0 0 1 0 1 0 -1 0 0 157.DAT
1 7 -44 -62 -550 0 1 0 -1 0 0 0 0 1 298.DAT
1 7 -46 -62 -550 0 0 1 1 0 0 0 1 0 297.DAT
1 7 44 -62 -550 0 -1 0 1 0 0 0 0 1 298.DAT
1 7 46 -62 -550 0 0 1 1 0 0 0 1 0 297.DAT
1 7 30 -72 -550 0 0 -1 0 1 0 1 0 0 157.DAT
1 7 0 -72 -560 1 0 0 0 1 0 0 0 1 3941.DAT
1 7 0 -48 -580 1 0 0 0 1 0 0 0 1 4032.DAT
1 7 0 -40 -580 1 0 0 0 1 0 0 0 1 4032.DAT
1 7 0 -32 -580 1 0 0 0 1 0 0 0 1 2654.DAT
1 7 10 -72 -570 1 0 0 0 1 0 0 0 1 3063.DAT
1 7 -10 -72 -570 0 0 1 0 1 0 -1 0 0 3063.DAT
1 7 0 -56 -490 1 0 0 0 1 0 0 0 1 4598.DAT
1 43 0 -104 -550 1 0 0 0 1 0 0 0 1 2437.DAT
1 7 -30 -80 -490 0 0 1 0 1 0 -1 0 0 3623.DAT
1 7 30 -80 -490 0 0 1 0 1 0 -1 0 0 3623.DAT
1 7 -30 -80 -430 0 0 1 0 1 0 -1 0 0 2420.DAT
1 7 30 -80 -430 -1 0 0 0 1 0 0 0 -1 2420.DAT
1 7 -30 -104 -500 0 0 -1 0 1 0 1 0 0 4865.DAT
1 7 30 -104 -500 0 0 1 0 1 0 -1 0 0 4865.DAT
1 7 30 -104 -460 0 0 1 0 1 0 -1 0 0 4865.DAT
1 7 -30 -104 -460 0 0 -1 0 1 0 1 0 0 4865.DAT
1 7 0 -104 -420 -1 0 0 0 1 0 0 0 -1 3001.DAT
1 7 -30 -88 -390 1 0 0 0 1 0 0 0 1 3024.DAT
1 7 30 -88 -390 1 0 0 0 1 0 0 0 1 3024.DAT
1 7 -30 -112 -380 0 0 1 0 1 0 -1 0 0 3700.DAT
1 7 30 -112 -380 0 0 1 0 1 0 -1 0 0 3700.DAT
1 7 -30 -128 -420 0 0 1 0 1 0 -1 0 0 3004.DAT
1 7 -10 -128 -430 1 0 0 0 1 0 0 0 1 157.DAT
1 7 10 -128 -430 1 0 0 0 1 0 0 0 1 157.DAT
1 7 30 -128 -420 0 0 1 0 1 0 -1 0 0 3004.DAT
1 14 0 -118 -468 1 0 0 0 0 -1 0 1 0 2432.DAT
1 7 0 -136 -430 1 0 0 0 1 0 0 0 1 3710.DAT
1 7 0 -144 -430 1 0 0 0 1 0 0 0 1 3710.DAT
1 7 30 -112 -320 0 0 1 0 1 0 -1 0 0 3010.DAT
1 7 -30 -112 -320 0 0 1 0 1 0 -1 0 0 3010.DAT
1 7 0 -96 -270 1 0 0 0 1 0 0 0 1 3710.DAT
1 7 0 -96 -240 1 0 0 0 1 0 0 0 1 3020.DAT
1 7 0 -88 -190 1 0 0 0 1 0 0 0 1 3023.DAT
1 7 0 -96 -200 1 0 0 0 1 0 0 0 1 3020.DAT
1 7 130 -56 -220 1 0 0 0 1 0 0 0 1 3021.DAT
1 7 -130 -56 -220 1 0 0 0 1 0 0 0 1 3021.DAT
1 7 -130 -56 60 1 0 0 0 1 0 0 0 1 3021.DAT
1 7 130 -56 60 1 0 0 0 1 0 0 0 1 3021.DAT
1 7 100 -80 60 1 0 0 0 1 0 0 0 1 3003.DAT
1 7 -100 -80 60 1 0 0 0 1 0 0 0 1 3003.DAT
1 7 -110 -80 -220 0 0 1 0 1 0 -1 0 0 3004.DAT
1 7 110 -80 -220 0 0 1 0 1 0 -1 0 0 3004.DAT
1 0 100 -136 -210 0 0 -1 0 1 0 1 0 0 6044.DAT
1 0 -100 -136 -210 0 0 1 0 1 0 -1 0 0 6044.DAT
1 0 -100 -136 50 0 0 1 0 1 0 -1 0 0 6044.DAT
1 0 100 -136 50 0 0 -1 0 1 0 1 0 0 6044.DAT
0 Inlined:  1 0 0 -37 80 1 0 0 0 0.67 -0.74 0 0.74 0.67 ramp.DAT
0 Name: ramp.DAT
1 7 -40 -66.6 106.8 -1 0 0 0 0.67 0.74 0 0.74 -0.67 4213.DAT
1 7 40 -66.6 106.8 -1 0 0 0 0.67 0.74 0 0.74 -0.67 4213.DAT
1 7 0 -101.56 127.68 1 0 0 0 0.67 -0.74 0 0.74 0.67 3036.DAT
1 7 0 -140.6 173.8 1 0 0 0 0.67 -0.74 0 0.74 0.67 3034.DAT
1 8 -60 -153.36 174.58 1 0 0 0 0.67 -0.74 0 0.74 0.67 321.DAT
1 8 -20 -153.36 174.58 1 0 0 0 0.67 -0.74 0 0.74 0.67 321.DAT
1 8 20 -153.36 174.58 1 0 0 0 0.67 -0.74 0 0.74 0.67 321.DAT
1 8 60 -153.36 174.58 1 0 0 0 0.67 -0.74 0 0.74 0.67 321.DAT
0
0 Inlined:  1 0 0 -64 -490 1 0 0 0 1 0 0 0 1 soldier.DAT
0
1 0 0 -64 -490 1 0 0 0 0 1 0 -1 0 971.DAT
1 0 0 -64 -490 1 0 0 0 0 1 0 -1 0 972.DAT
1 0 0 -77 -487 1 0 0 0 0.98 0.17 0 -0.17 0.98 970.DAT
1 0 0 -109 -482 1 0 0 0 0.98 0.17 0 -0.17 0.98 9326.DAT
1 8 0 -110.97 -481.65 1 0 0 0 0.98 0.17 0 -0.17 0.98 3949.DAT
1 14 0 -136.59 -477.31 1 0 0 0 0.98 0.17 0 -0.17 0.98 3626.DAT
1 0 0 -137.59 -477.31 1 0 0 0 0.98 0.17 0 -0.17 0.98 762.DAT
1 33 0 -137.59 -477.31 1 0 0 0 0.98 0.17 0 -0.17 0.98 761.DAT
1 0 0 -100.14 -483.56 1 0 0 0 0.98 0.17 0 -0.17 0.98 975.DAT
1 0 0 -100.14 -483.56 1 0 0 0 0.98 0.17 0 -0.17 0.98 976.DAT
1 8 23 -83.22 -501.79 0 0 -1 -0.58 0.82 0 0.82 0.58 0 977.DAT
1 8 -23 -83.22 -501.79 0 0 -1 -0.58 0.82 0 0.82 0.58 0 977.DAT
0
1 43 0 -148 -444 1 0 0 0 1 0 0 0 1 339.DAT
1 7 0 -152 -430 1 0 0 0 1 0 0 0 1 4315.DAT
1 7 50 -104 -380 0 0 1 0 1 0 -1 0 0 4019.DAT
1 7 -50 -104 -380 0 0 1 0 1 0 -1 0 0 4019.DAT
1 0 0 -104 -380 1 0 0 0 1 0 0 0 1 3706.DAT
1 7 30 -120 -340 0 0 1 0 1 0 -1 0 0 3666.DAT
1 7 -30 -120 -340 0 0 1 0 1 0 -1 0 0 3666.DAT
1 7 -30 -120 -240 0 0 1 0 1 0 -1 0 0 3010.DAT
1 7 30 -120 -240 0 0 1 0 1 0 -1 0 0 3010.DAT
1 7 0 -120 -210 1 0 0 0 1 0 0 0 1 3004.DAT
1 7 0 -144 -210 1 0 0 0 1 0 0 0 1 3700.DAT
1 7 -30 -144 -210 1 0 0 0 1 0 0 0 1 3005.DAT
1 7 30 -144 -210 1 0 0 0 1 0 0 0 1 3005.DAT
1 7 0 -136 -190 1 0 0 0 1 0 0 0 1 3648a.DAT
1 0 0 -136 -200 0 0 1 0 1 0 -1 0 0 4519.DAT
1 7 0 -136 -222 1 0 0 0 1 0 0 0 1 4143.DAT
1 7 -30 -144 -240 0 0 1 0 1 0 -1 0 0 3700.DAT
1 7 30 -144 -240 0 0 1 0 1 0 -1 0 0 3700.DAT
1 7 -17 -136 -240 0 0 -1 0 1 0 1 0 0 4143.DAT
1 0 0 -136 -240 1 0 0 0 1 0 0 0 1 3706.DAT
1 7 -50 -136 -240 0 0 1 0 1 0 -1 0 0 4019.DAT
1 7 -30 -152 -210 0 0 1 0 1 0 -1 0 0 2420.DAT
1 7 30 -152 -210 -1 0 0 0 1 0 0 0 -1 2420.DAT
1 7 30 -160 -230 1 0 0 0 1 0 0 0 1 3024.DAT
1 7 30 -168 -230 1 0 0 0 1 0 0 0 1 3024.DAT
1 7 -30 -160 -230 1 0 0 0 1 0 0 0 1 3024.DAT
1 7 -30 -168 -230 1 0 0 0 1 0 0 0 1 3024.DAT
1 7 0 -128 -360 1 0 0 0 1 0 0 0 1 3031.DAT
1 7 0 -128 -310 1 0 0 0 1 0 0 0 1 3710.DAT
1 7 0 -128 -280 1 0 0 0 1 0 0 0 1 3020.DAT
1 7 0 -152 -400 1 0 0 0 1 0 0 0 1 3001.DAT
1 7 -30 -136 -320 0 0 1 0 1 0 -1 0 0 3666.DAT
1 7 -30 -144 -320 0 0 1 0 1 0 -1 0 0 3666.DAT
1 8 0 -152 -270 1 0 0 0 1 0 0 0 1 3039.DAT
1 0 -10 -136 -350 1 0 0 0 1 0 0 0 1 298.DAT
1 0 -10 -136 -350 1 0 0 0 0.87 0.50 0 -0.50 0.87 297.DAT
1 0 10 -136 -350 1 0 0 0 1 0 0 0 1 298.DAT
1 0 10 -136 -350 1 0 0 0 0.87 0.50 0 -0.50 0.87 297.DAT
1 0 0 -136 -370 1 0 0 0 1 0 0 0 1 3023.DAT
1 0 0 -144 -370 1 0 0 0 1 0 0 0 1 3023.DAT
1 8 0 -168 -370 -1 0 0 0 1 0 0 0 -1 3937.DAT
1 8 0 -166 -363 -1 0 0 0 0.71 -0.71 0 -0.71 -0.71 6134.DAT
1 8 -10 -172 -358 1 0 0 0 0.71 0.71 0 -0.71 0.71 3070disp.DAT
1 8 10 -172 -358 1 0 0 0 0.71 0.71 0 -0.71 0.71 3070disp.DAT
1 8 -10 -186 -372 1 0 0 0 0.71 0.71 0 -0.71 0.71 3070disp.DAT
1 8 10 -186 -372 0 0 -1 0.71 0.71 0 0.71 -0.71 0 3070p06.DAT
1 7 30 -136 -320 0 0 1 0 1 0 -1 0 0 3666.DAT
1 7 30 -144 -320 0 0 1 0 1 0 -1 0 0 3666.DAT
1 43 30 -168 -360 0 0 1 0 1 0 -1 0 0 4865.DAT
1 43 -30 -168 -360 0 0 -1 0 1 0 1 0 0 4865.DAT
1 7 -30 -168 -320 0 0 -1 0 1 0 1 0 0 4865.DAT
1 7 30 -168 -320 0 0 1 0 1 0 -1 0 0 4865.DAT
1 7 30 -168 -270 0 0 1 0 1 0 -1 0 0 3622.DAT
1 7 -30 -168 -270 0 0 1 0 1 0 -1 0 0 3622.DAT
1 8 0 -200 -270 -1 0 0 0 1 0 0 0 -1 4864.DAT
1 14 -10 -208 -270 0 0 1 0 1 0 -1 0 0 174.DAT
1 14 10 -208 -270 0 0 -1 0 1 0 1 0 0 174.DAT
1 8 0 -216 -270 1 0 0 0 1 0 0 0 1 3069.DAT
0 Inlined:  1 0 0 -137 -310 1 0 0 0 1 0 0 0 1 soldier.DAT
0
1 0 0 -137 -310 1 0 0 0 0 1 0 -1 0 971.DAT
1 0 0 -137 -310 1 0 0 0 0 1 0 -1 0 972.DAT
1 0 0 -150 -307 1 0 0 0 0.98 0.17 0 -0.17 0.98 970.DAT
1 0 0 -182 -302 1 0 0 0 0.98 0.17 0 -0.17 0.98 9326.DAT
1 8 0 -183.97 -301.65 1 0 0 0 0.98 0.17 0 -0.17 0.98 3949.DAT
1 14 0 -209.59 -297.31 1 0 0 0 0.98 0.17 0 -0.17 0.98 3626.DAT
1 0 0 -210.59 -297.31 1 0 0 0 0.98 0.17 0 -0.17 0.98 762.DAT
1 33 0 -210.59 -297.31 1 0 0 0 0.98 0.17 0 -0.17 0.98 761.DAT
1 0 0 -173.14 -303.56 1 0 0 0 0.98 0.17 0 -0.17 0.98 975.DAT
1 0 0 -173.14 -303.56 1 0 0 0 0.98 0.17 0 -0.17 0.98 976.DAT
1 8 23 -156.22 -321.79 0 0 -1 -0.58 0.82 0 0.82 0.58 0 977.DAT
1 8 -23 -156.22 -321.79 0 0 -1 -0.58 0.82 0 0.82 0.58 0 977.DAT
0
1 7 0 -160 -420 1 0 0 0 1 0 0 0 1 3022.DAT
1 7 -30 -160 -400 0 0 1 0 1 0 -1 0 0 321.DAT
1 7 30 -160 -400 0 0 1 0 1 0 -1 0 0 321.DAT
1 7 0 -168 -420 1 0 0 0 1 0 0 0 1 4859.DAT
1 7 0 -176 -390 1 0 0 0 1 0 0 0 1 3004.DAT
0 Inlined: 1 7 80 -56 -280 1 0 0 0 1 0 0 0 1 llaunch.DAT
0 Name: llaunch.DAT
1 8 80 -56 -280 1 0 0 0 1 0 0 0 1 3956.DAT
1 8 80 -116 -308 1 0 0 0 0 -1 0 1 0 3022.DAT
1 8 90 -96 -300 0 0 -1 -1 0 0 0 1 0 2436.DAT
1 8 70 -66 -300 1 0 0 0 0 -1 0 1 0 2420.DAT
1 8 70 -126 -300 0 0 1 1 0 0 0 1 0 2420.DAT
1 8 80 -96 -292 0 0 1 1 0 0 0 1 0 3020.DAT
1 8 80 -86 -284 -1 0 0 0 0 1 0 1 0 3747.DAT
1 8 80 -66 -284 1 0 0 0 0 -1 0 1 0 3004.DAT
1 7 112 -96 -290 0 -1 0 1 0 0 0 0 1 4315.DAT
1 7 70 -66 -332 1 0 0 0 0 -1 0 1 0 caan.DAT
1 7 90 -66 -332 1 0 0 0 0 -1 0 1 0 caan.DAT
1 7 90 -106 -332 1 0 0 0 0 -1 0 1 0 caan.DAT
1 7 70 -106 -332 1 0 0 0 0 -1 0 1 0 caan.DAT
1 7 70 -86 -332 1 0 0 0 0 -1 0 1 0 caan.DAT
1 7 90 -86 -332 1 0 0 0 0 -1 0 1 0 caan.DAT
1 7 90 -126 -332 1 0 0 0 0 -1 0 1 0 caan.DAT
1 7 70 -126 -332 1 0 0 0 0 -1 0 1 0 caan.DAT
1 7 82 -96 -372 0 0 -1 -1 0 0 0 1 0 2582.DAT
0
0 Inlined: 1 7 -80 -56 -280 1 0 0 0 1 0 0 0 1 rlaunch.DAT
0 Name: llaunch.DAT
1 8 -80 -56 -280 1 0 0 0 1 0 0 0 1 3956.DAT
1 8 -80 -116 -308 1 0 0 0 0 -1 0 1 0 3022.DAT
1 8 -90 -96 -300 0 0 1 1 0 0 0 1 0 2436.DAT
1 8 -70 -66 -300 0 0 -1 -1 0 0 0 1 0 2420.DAT
1 8 -70 -126 -300 -1 0 0 0 0 1 0 1 0 2420.DAT
1 8 -80 -96 -292 0 0 1 1 0 0 0 1 0 3020.DAT
1 8 -80 -86 -284 -1 0 0 0 0 1 0 1 0 3747.DAT
1 8 -80 -66 -284 1 0 0 0 0 -1 0 1 0 3004.DAT
1 7 -112 -96 -290 0 1 0 -1 0 0 0 0 1 4315.DAT
1 7 -90 -66 -332 1 0 0 0 0 -1 0 1 0 caan.DAT
1 7 -70 -66 -332 1 0 0 0 0 -1 0 1 0 caan.DAT
1 7 -70 -106 -332 1 0 0 0 0 -1 0 1 0 caan.DAT
1 7 -90 -106 -332 1 0 0 0 0 -1 0 1 0 caan.DAT
1 7 -90 -86 -332 1 0 0 0 0 -1 0 1 0 caan.DAT
1 7 -70 -86 -332 1 0 0 0 0 -1 0 1 0 caan.DAT
1 7 -70 -126 -332 1 0 0 0 0 -1 0 1 0 caan.DAT
1 7 -90 -126 -332 1 0 0 0 0 -1 0 1 0 caan.DAT
1 7 -82 -96 -372 0 0 1 1 0 0 0 1 0 2582.DAT
0
1 7 90 -80 -100 0 0 1 0 1 0 -1 0 0 2730.DAT
1 7 -90 -80 -100 0 0 1 0 1 0 -1 0 0 2730.DAT
1 7 -100 -104 20 0 0 -1 0 1 0 1 0 0 4345.DAT
1 7 -100 -104 20 0 0 -1 0 1 0 1 0 0 4346.DAT
1 7 100 -104 20 0 0 1 0 1 0 -1 0 0 4346.DAT
1 7 100 -104 20 0 0 1 0 1 0 -1 0 0 4345.DAT
1 7 -90 -104 -100 0 0 1 0 1 0 -1 0 0 3701.DAT
1 7 90 -104 -100 0 0 -1 0 1 0 1 0 0 3701.DAT
0 Inlined:  1 16 0 0 0 1 0 0 0 1 0 0 0 1 maingrdn.dat
0
0 Inlined: 1 7 110 -94 -100 1 0 0 0 1 0 0 0 1 mngearb.DAT
0
1 0 110 -94 -100 1 0 0 0 1 0 0 0 1 4519.DAT
1 7 104 -94 -100 0 0 -1 0 1 0 1 0 0 4143.DAT
1 7 116 -94 -100 0 -1 0 1 0 0 0 0 1 6632.DAT
1 7 106 -94 -60 0 0 1 0 1 0 -1 0 0 4265.DAT
1 7 120 -94 -60 -1 0 0 0 1 0 0 0 -1 3749.DAT
0
0 Inlined: 1 7 130 -94 -60 1 0 0 0 1 0 0 0 1 mngeara.DAT
0
1 7 130 -94 -80 0 0 1 1 0 0 0 1 0 6536.DAT
1 7 130 -74 -80 0 0 1 -1 0 0 0 -1 0 6536.DAT
1 7 130 -54 -80 0 0 1 -1 0 0 0 -1 0 6536.DAT
1 0 130 -44 -80 0 0 1 1 0 0 0 1 0 3706.DAT
1 7 130 6 -80 0 0 1 1 0 0 0 1 0 6536.DAT
1 0 130 6 -60 -1 0 0 0 1 0 0 0 -1 4519.DAT
1 7 150 6 -60 0 0 1 0 1 0 -1 0 0 3482.DAT
1 0 150 6 -60 0 0 1 0 1 0 -1 0 0 132.DAT
1 7 110 6 -60 0 0 1 0 1 0 -1 0 0 3482.DAT
1 0 110 6 -60 0 0 1 0 1 0 -1 0 0 132.DAT
0
0 Inlined: 1 7 100 -70 -160 1 0 0 0 0.97 0.26 0 -0.26 0.97 mngearc.DAT
0
1 7 100 -70 -160 1 0 0 0 0.97 0.26 0 -0.26 0.97 3749.DAT
1 7 110 -54.4 -101.8 0 -1 0 -0.97 0 -0.26 0.26 0 -0.97 2825.DAT
1 7 115 -70 -160 0 0 -1 0.26 0.97 0 0.97 -0.26 0 4265.DAT
1 7 120 -54.4 -101.8 -1 0 0 0 0.97 -0.26 0 -0.26 -0.97 3749.DAT
0
0 Inlined: 1 7 -110 -94 -100 -1 0 0 0 -1 0 0 0 1 mngearb.DAT
0
1 0 -110 -94 -100 -1 0 0 0 -1 0 0 0 1 4519.DAT
1 7 -104 -94 -100 0 0 1 0 -1 0 1 0 0 4143.DAT
1 7 -116 -94 -100 0 1 0 -1 0 0 0 0 1 6632.DAT
1 7 -106 -94 -60 0 0 -1 0 -1 0 -1 0 0 4265.DAT
1 7 -120 -94 -60 1 0 0 0 -1 0 0 0 -1 3749.DAT
0
0 Inlined: 1 7 -130 -94 -60 1 0 0 0 1 0 0 0 1 mngeara.DAT
0
1 7 -130 -94 -80 0 0 1 1 0 0 0 1 0 6536.DAT
1 7 -130 -74 -80 0 0 1 -1 0 0 0 -1 0 6536.DAT
1 7 -130 -54 -80 0 0 1 -1 0 0 0 -1 0 6536.DAT
1 0 -130 -44 -80 0 0 1 1 0 0 0 1 0 3706.DAT
1 7 -130 6 -80 0 0 1 1 0 0 0 1 0 6536.DAT
1 0 -130 6 -60 -1 0 0 0 1 0 0 0 -1 4519.DAT
1 7 -110 6 -60 0 0 1 0 1 0 -1 0 0 3482.DAT
1 0 -110 6 -60 0 0 1 0 1 0 -1 0 0 132.DAT
1 7 -150 6 -60 0 0 1 0 1 0 -1 0 0 3482.DAT
1 0 -150 6 -60 0 0 1 0 1 0 -1 0 0 132.DAT
0
0 Inlined: 1 7 -100 -70 -160 -1 0 0 0 -0.97 0.26 0 0.26 0.97 mngearc.DAT
0
1 7 -100 -70 -160 -1 0 0 0 -0.97 0.26 0 0.26 0.97 3749.DAT
1 7 -110 -54.4 -101.8 0 1 0 0.97 0 -0.26 -0.26 0 -0.97 2825.DAT
1 7 -115 -70 -160 0 0 1 0.26 -0.97 0 0.97 0.26 0 4265.DAT
1 7 -120 -54.4 -101.8 1 0 0 0 -0.97 -0.26 0 0.26 -0.97 3749.DAT
0
0
0 1 16 0 0 0 1 0 0 0 1 0 0 0 1 maingrup.dat
1 7 -90 -104 -30 0 0 1 0 1 0 -1 0 0 3622.DAT
1 7 90 -104 -30 0 0 1 0 1 0 -1 0 0 3622.DAT
1 7 -70 -104 -190 1 0 0 0 1 0 0 0 1 3622.DAT
1 7 70 -104 -190 1 0 0 0 1 0 0 0 1 3622.DAT
1 7 90 -104 -160 0 0 1 0 1 0 -1 0 0 3004.DAT
1 7 -90 -104 -160 0 0 1 0 1 0 -1 0 0 3004.DAT
1 7 -110 -112 -130 1 0 0 0 1 0 0 0 1 3623.DAT
1 7 -110 -112 -70 1 0 0 0 1 0 0 0 1 3623.DAT
1 7 110 -112 -70 1 0 0 0 1 0 0 0 1 3623.DAT
1 7 110 -112 -130 1 0 0 0 1 0 0 0 1 3623.DAT
1 7 90 -112 -170 0 0 1 0 1 0 -1 0 0 3623.DAT
1 7 -90 -112 -170 0 0 1 0 1 0 -1 0 0 3623.DAT
1 7 -90 -112 -100 0 0 1 0 1 0 -1 0 0 3023.DAT
1 7 90 -112 -100 0 0 1 0 1 0 -1 0 0 3023.DAT
1 7 90 -104 100 0 0 1 0 1 0 -1 0 0 3009.DAT
1 7 -90 -104 100 0 0 1 0 1 0 -1 0 0 3009.DAT
1 7 -90 -112 20 0 0 1 0 1 0 -1 0 0 3460.DAT
1 7 90 -112 20 0 0 1 0 1 0 -1 0 0 3460.DAT
1 7 120 -112 -100 1 0 0 0 0 -1 0 1 0 4143.DAT
1 0 120 -160 -100 0 -1 0 1 0 0 0 0 1 3706.DAT
1 7 120 -120 -100 0 0 1 0 1 0 -1 0 0 3709.DAT
1 7 -120 -112 -100 0 1 0 0 0 -1 -1 0 0 4143.DAT
1 0 -120 -160 -100 0 -1 0 1 0 0 0 0 1 3706.DAT
1 7 -120 -120 -100 0 0 1 0 1 0 -1 0 0 3709.DAT
1 7 -90 -136 -80 0 0 1 0 1 0 -1 0 0 6112.DAT
1 7 90 -136 -80 0 0 1 0 1 0 -1 0 0 6112.DAT
1 7 90 -112 130 0 0 -1 0 1 0 1 0 0 3623.DAT
1 7 -90 -112 130 0 0 1 0 1 0 -1 0 0 3623.DAT
1 7 -90 -136 100 0 0 1 0 1 0 -1 0 0 3009.DAT
1 7 90 -136 100 0 0 1 0 1 0 -1 0 0 3009.DAT
1 7 -90 -80 90 -1 0 0 0 1 0 0 0 -1 240.DAT
1 7 90 -80 90 -1 0 0 0 1 0 0 0 -1 240.DAT
1 7 90 -144 0 0 0 1 0 1 0 -1 0 0 3460.DAT
1 7 -90 -144 0 0 0 1 0 1 0 -1 0 0 3460.DAT
1 7 -90 -144 -160 0 0 1 0 1 0 -1 0 0 3460.DAT
1 7 90 -144 -160 0 0 1 0 1 0 -1 0 0 3460.DAT
1 7 90 -168 -160 0 0 -1 0 1 0 1 0 0 56.DAT
1 7 90 -168 -40 0 0 -1 0 1 0 1 0 0 56.DAT
1 7 90 -168 -10 0 0 -1 0 1 0 1 0 0 100.DAT
1 7 90 -168 10 1 0 0 0 1 0 0 0 1 3005.DAT
1 7 -90 -168 10 1 0 0 0 1 0 0 0 1 3005.DAT
1 7 -90 -168 -10 0 0 1 0 1 0 -1 0 0 100.DAT
1 7 -90 -168 -40 0 0 1 0 1 0 -1 0 0 56.DAT
1 7 -90 -168 -160 0 0 1 0 1 0 -1 0 0 56.DAT
1 7 -80 -168 -210 0 0 1 0 1 0 -1 0 0 3002.DAT
1 7 80 -168 -210 0 0 1 0 1 0 -1 0 0 3002.DAT
1 7 90 -168 -100 0 0 1 0 1 0 -1 0 0 3701.DAT
1 7 -90 -168 -100 0 0 1 0 1 0 -1 0 0 3701.DAT
1 7 -120 -168 -100 1 0 0 0 0 1 0 -1 0 4143.DAT
1 7 120 -168 -100 1 0 0 0 0 1 0 -1 0 4143.DAT
1 7 90 -192 -70 0 0 1 0 1 0 -1 0 0 100.DAT
1 7 -90 -192 -70 0 0 -1 0 1 0 1 0 0 100.DAT
1 7 -90 -192 -100 0 0 1 0 1 0 -1 0 0 3700.DAT
1 7 90 -192 -100 0 0 1 0 1 0 -1 0 0 3700.DAT
1 7 100 -184 -100 0 0 -1 0 1 0 1 0 0 4143.DAT
1 0 80 -184 -100 1 0 0 0 1 0 0 0 1 4519.DAT
1 7 50 -184 -100 0 0 1 0 1 0 -1 0 0 6538.DAT
1 0 -30 -184 -100 1 0 0 0 1 0 0 0 1 3707.DAT
1 7 23 -184 -100 0 0 1 0 1 0 -1 0 0 4265.DAT
1 7 14 -184 -100 0 0 1 0 1 0 -1 0 0 4143.DAT
1 7 -103 -184 -100 0 0 1 0 1 0 -1 0 0 4143.DAT
1 7 0 -192 -130 1 0 0 0 1 0 0 0 1 2730.DAT
1 7 0 -192 -230 1 0 0 0 1 0 0 0 1 3702.DAT
1 7 -70 -192 -200 0 0 1 0 1 0 -1 0 0 3004.DAT
1 7 70 -192 -200 0 0 1 0 1 0 -1 0 0 3004.DAT
1 7 0 -184 -117 -1 0 0 0 1 0 0 0 -1 4143.DAT
1 0 0 -184 -190 0 0 1 0 1 0 -1 0 0 3707.DAT
1 7 0 -184 -190 1 0 0 0 1 0 0 0 1 4019.DAT
1 7 100 -192 -180 0 0 1 0 1 0 -1 0 0 3001.DAT
1 7 -100 -192 -180 0 0 1 0 1 0 -1 0 0 3001.DAT
1 7 -90 -200 -100 0 0 1 0 1 0 -1 0 0 3023.DAT
1 7 -120 -208 -100 1 0 0 0 1 0 0 0 1 3709.DAT
1 8 -150 -216 -100 0 0 1 0 1 0 -1 0 0 321.DAT
1 8 -90 -216 -100 0 0 1 0 1 0 -1 0 0 321.DAT
1 7 90 -200 -100 0 0 1 0 1 0 -1 0 0 3023.DAT
1 7 120 -208 -100 1 0 0 0 1 0 0 0 1 3709.DAT
1 8 90 -216 -100 0 0 1 0 1 0 -1 0 0 321.DAT
1 8 150 -216 -100 0 0 1 0 1 0 -1 0 0 321.DAT
1 8 70 -200 -220 0 0 1 0 1 0 -1 0 0 4275.DAT
1 8 50 -200 -220 0 0 1 0 1 0 -1 0 0 4275.DAT
1 8 -50 -200 -220 0 0 1 0 1 0 -1 0 0 4275.DAT
1 8 -70 -200 -220 0 0 1 0 1 0 -1 0 0 4275.DAT
1 7 -70 -216 -160 0 0 1 0 1 0 -1 0 0 3701.DAT
1 7 70 -216 -160 0 0 1 0 1 0 -1 0 0 3701.DAT
1 7 -70 -216 -70 0 0 -1 0 1 0 1 0 0 240.DAT
1 7 70 -216 -70 0 0 1 0 1 0 -1 0 0 240.DAT
1 7 0 -224 -100 1 0 0 0 1 0 0 0 1 3035.DAT
1 7 0 -205 -160 0 -1 0 0 0 1 -1 0 0 3648a.DAT
1 0 0 -237 -160 0 -1 0 1 0 0 0 0 1 3705.DAT
1 7 0 -216 -160 1 0 0 0 -1 0 0 0 -1 4032.DAT
1 7 0 -224 -190 1 0 0 0 1 0 0 0 1 3460.DAT
1 7 -70 -224 -160 0 0 1 0 1 0 -1 0 0 3023.DAT
1 7 70 -224 -160 0 0 1 0 1 0 -1 0 0 3023.DAT
1 0 0 -248 -160 1 0 0 0 1 0 0 0 1 3403.DAT
1 0 0 -248 -160 1 0 0 0 1 0 0 0 1 3404.DAT
1 7 0 -256 -160 1 0 0 0 1 0 0 0 1 4032.DAT
1 7 0 -264 -160 1 0 0 0 1 0 0 0 1 4032.DAT
1 7 -60 -232 -160 0 0 1 0 1 0 -1 0 0 3020.DAT
1 7 60 -232 -160 0 0 1 0 1 0 -1 0 0 3020.DAT
1 7 0 -232 -100 1 0 0 0 1 0 0 0 1 3034.DAT
1 7 -50 -232 -60 1 0 0 0 1 0 0 0 1 3021.DAT
1 7 50 -232 -60 1 0 0 0 1 0 0 0 1 3021.DAT
1 7 60 -240 -70 0 0 1 0 1 0 -1 0 0 3021.DAT
1 7 -60 -240 -70 0 0 1 0 1 0 -1 0 0 3021.DAT
1 7 -50 -240 -140 0 0 1 0 1 0 -1 0 0 3710.DAT
1 7 50 -240 -140 0 0 1 0 1 0 -1 0 0 3710.DAT
1 7 30 -240 -80 0 0 1 0 1 0 -1 0 0 3710.DAT
1 7 -30 -240 -80 0 0 1 0 1 0 -1 0 0 3710.DAT
1 7 0 -200 -230 1 0 0 0 1 0 0 0 1 3710.DAT
1 7 0 -208 -230 1 0 0 0 1 0 0 0 1 3710.DAT
1 7 0 -216 -220 1 0 0 0 1 0 0 0 1 3020.DAT
1 7 0 -224 -210 1 0 0 0 1 0 0 0 1 3710.DAT
1 7 0 -224 -230 1 0 0 0 1 0 0 0 1 4315.DAT
1 43 0 -220 -244 1 0 0 0 1 0 0 0 1 2507.DAT
1 7 -60 -224 -210 1 0 0 0 1 0 0 0 1 3039.DAT
1 7 60 -224 -210 1 0 0 0 1 0 0 0 1 3039.DAT
1 7 90 -192 -20 0 0 1 0 1 0 -1 0 0 56.DAT
1 7 -90 -192 -20 0 0 -1 0 1 0 1 0 0 56.DAT
1 7 -70 -216 -20 0 0 1 0 1 0 -1 0 0 3039.DAT
1 7 70 -216 -20 0 0 -1 0 1 0 1 0 0 3039.DAT
1 7 70 -240 -20 0 0 1 0 1 0 -1 0 0 3747.DAT
1 7 -70 -240 -20 0 0 -1 0 1 0 1 0 0 3747.DAT
1 7 60 -264 -50 -1 0 0 0 1 0 0 0 -1 6564.DAT
1 7 30 -264 -40 0 0 1 0 1 0 -1 0 0 3700.DAT
1 7 -30 -264 -40 0 0 1 0 1 0 -1 0 0 3700.DAT
1 7 -60 -264 -50 -1 0 0 0 1 0 0 0 -1 6565.DAT
1 7 -40 -272 -50 0 0 1 0 1 0 -1 0 0 3021.DAT
1 7 40 -272 -50 0 0 1 0 1 0 -1 0 0 3021.DAT
0 Inlined:  1 7 117.72 -127 -60 0.60 -0.80 0 0.80 0.60 0 0 0 1 lhull.DAT
0
1 7 141.72 -95 -220 0.6 -0.8 0 0.8 0.6 0 0 0 1 6106.DAT
1 7 117.72 -127 100 0 -0.8 -0.6 0 0.6 -0.8 1 0 0 2401.DAT
1 8 69.32 -178.2 180 -0.6 -0.8 0 -0.8 0.6 0 0 0 -1 4275.DAT
1 7 142.92 -133.4 -170 0.6 -0.8 0 0.8 0.6 0 0 0 1 157.DAT
1 7 154.92 -117.4 -170 0.6 -0.8 0 0.8 0.6 0 0 0 1 157.DAT
1 7 166.92 -101.4 -170 0.6 -0.8 0 0.8 0.6 0 0 0 1 157.DAT
1 7 178.92 -85.4 -170 0.6 -0.8 0 0.8 0.6 0 0 0 1 157.DAT
1 7 178.92 -85.4 10 -0.6 -0.8 0 -0.8 0.6 0 0 0 -1 157.DAT
1 7 166.92 -101.4 10 -0.6 -0.8 0 -0.8 0.6 0 0 0 -1 157.DAT
1 7 154.92 -117.4 10 -0.6 -0.8 0 -0.8 0.6 0 0 0 -1 157.DAT
1 7 142.92 -133.4 10 -0.6 -0.8 0 -0.8 0.6 0 0 0 -1 157.DAT
1 8 140.92 -119.4 24 0.6 0 -0.8 0.8 0 0.6 0 -1 0 321.DAT
1 8 164.92 -87.4 24 0.6 0 -0.8 0.8 0 0.6 0 -1 0 321.DAT
1 8 164.92 -87.4 -184 0.6 0 0.8 0.8 0 -0.6 0 1 0 321.DAT
1 8 140.92 -119.4 -184 0.6 0 0.8 0.8 0 -0.6 0 1 0 321.DAT
1 7 130.92 -149.4 -170 0.6 -0.8 0 0.8 0.6 0 0 0 1 234.DAT
1 7 190.92 -69.4 -170 0.6 -0.8 0 0.8 0.6 0 0 0 1 3040.DAT
1 7 190.92 -69.4 10 -0.6 -0.8 0 -0.8 0.6 0 0 0 -1 3040.DAT
1 7 130.92 -149.4 10 -0.6 -0.8 0 -0.8 0.6 0 0 0 -1 3040.DAT
1 7 167.32 -114.2 -80 0 -0.8 0.6 0 0.6 0.8 -1 0 0 3033.DAT
1 7 222.92 -93.4 -140 0 -0.8 0.6 0 0.6 0.8 -1 0 0 2432.DAT
1 7 222.92 -93.4 -20 0 -0.8 0.6 0 0.6 0.8 -1 0 0 2432.DAT
1 7 190.92 -69.4 -80 0 -0.8 0.6 0 0.6 0.8 -1 0 0 3008.DAT
0
0 Inlined:  1 7 -118.28 -126 -60 0.60 0.80 0 -0.80 0.60 0 0 0 1 rhull.DAT
0
1 7 -142.28 -94 -220 0 0.8 0.6 0 0.6 -0.8 -1 0 0 6106.DAT
1 7 -118.28 -126 100 -0.6 0.8 0 0.8 0.6 0 0 0 -1 2401.DAT
1 8 -69.88 -177.2 180 0.6 0.8 0 -0.8 0.6 0 0 0 1 4275.DAT
1 7 -179.48 -84.4 -170 0.6 0.8 0 -0.8 0.6 0 0 0 1 157.DAT
1 7 -167.48 -100.4 -170 0.6 0.8 0 -0.8 0.6 0 0 0 1 157.DAT
1 7 -155.48 -116.4 -170 0.6 0.8 0 -0.8 0.6 0 0 0 1 157.DAT
1 7 -143.48 -132.4 -170 0.6 0.8 0 -0.8 0.6 0 0 0 1 157.DAT
1 7 -143.48 -132.4 10 -0.6 0.8 0 0.8 0.6 0 0 0 -1 157.DAT
1 7 -155.48 -116.4 10 -0.6 0.8 0 0.8 0.6 0 0 0 -1 157.DAT
1 7 -167.48 -100.4 10 -0.6 0.8 0 0.8 0.6 0 0 0 -1 157.DAT
1 7 -179.48 -84.4 10 -0.6 0.8 0 0.8 0.6 0 0 0 -1 157.DAT
1 8 -165.48 -86.4 24 0.6 0 0.8 -0.8 0 0.6 0 -1 0 321.DAT
1 8 -141.48 -118.4 24 0.6 0 0.8 -0.8 0 0.6 0 -1 0 321.DAT
1 8 -141.48 -118.4 -184 0.6 0 -0.8 -0.8 0 -0.6 0 1 0 321.DAT
1 8 -165.48 -86.4 -184 0.6 0 -0.8 -0.8 0 -0.6 0 1 0 321.DAT
1 7 -191.48 -68.4 -170 0.6 0.8 0 -0.8 0.6 0 0 0 1 3040.DAT
1 7 -131.48 -148.4 -170 0.6 0.8 0 -0.8 0.6 0 0 0 1 234.DAT
1 7 -131.48 -148.4 10 -0.6 0.8 0 0.8 0.6 0 0 0 -1 3040.DAT
1 7 -191.48 -68.4 10 -0.6 0.8 0 0.8 0.6 0 0 0 -1 3040.DAT
1 7 -167.88 -113.2 -80 0 0.8 0.6 0 0.6 -0.8 -1 0 0 3033.DAT
1 7 -223.48 -92.4 -140 0 0.8 -0.6 0 0.6 0.8 1 0 0 2432.DAT
1 7 -223.48 -92.4 -20 0 0.8 -0.6 0 0.6 0.8 1 0 0 2432.DAT
1 7 -191.48 -68.4 -80 0 0.8 0.6 0 0.6 -0.8 -1 0 0 3008.DAT
0
0 Inlined:  1 7 0 -244 180 1 0 0 0 -1 0 0 0 -1 brace.DAT
0 Name: brace.DAT
1 7 0 -244 180 1 0 0 0 -1 0 0 0 -1 3023.DAT
1 7 -10 -220 180 0 0 1 0 -1 0 1 0 0 100.DAT
1 7 10 -220 180 0 0 -1 0 -1 0 -1 0 0 100.DAT
1 7 0 -212 180 1 0 0 0 -1 0 0 0 -1 3710.DAT
1 8 20 -196 180 1 0 0 0 -1 0 0 0 -1 4531.DAT
1 8 -20 -196 180 -1 0 0 0 -1 0 0 0 1 4531.DAT
0
0 Inlined:  1 7 0 -265 -20 1 0 0 0 1 -0.05 0 0.05 1 tail.DAT
0 Name: tail.DAT
1 7 0 -245 61.2 0 0 1 0.05 1 0 -1 0.05 0 3832.DAT
1 7 10 -265 -20 0 0 1 0.05 1 0 -1 0.05 0 3701.DAT
1 7 -10 -265 -20 0 0 1 0.05 1 0 -1 0.05 0 3701.DAT
1 0 -20 -253 -39.45 1 0 0 0 1 -0.05 0 0.05 1 4459.DAT
1 0 20 -253 -39.45 1 0 0 0 1 -0.05 0 0.05 1 4459.DAT
1 7 10 -275 180 0 0 1 0.05 1 0 -1 0.05 0 3703.DAT
1 7 -10 -275 180 0 0 1 0.05 1 0 -1 0.05 0 3703.DAT
1 7 0 -254.5 251.2 -1 0 0 0 1 0.05 0 0.05 -1 56.DAT
1 7 0 -253 221.2 1 0 0 0 1 -0.05 0 0.05 1 3003.DAT
1 7 0 -229.5 232.4 0 0 1 0.05 1 0 -1 0.05 0 3021.DAT
1 7 10 -222 242.8 0 0 1 0.05 1 0 -1 0.05 0 4276.DAT
1 7 -10 -222 242.8 0 0 1 0.05 1 0 -1 0.05 0 4276.DAT
1 7 0 -276 39.6 0 0 1 0.05 1 0 -1 0.05 0 3034.DAT
1 7 0 -271.5 -50.4 1 0 0 0 1 -0.05 0 0.05 1 3023.DAT
1 7 0 -284 199.6 0 0 1 0.05 1 0 -1 0.05 0 3034.DAT
1 7 0 -289 299.6 1 0 0 0 1 -0.05 0 0.05 1 3022.DAT
1 7 0 -297.5 309.2 1 0 0 0 1 -0.05 0 0.05 1 3023.DAT
1 7 0 -306.5 328.8 1 0 0 0 1 -0.05 0 0.05 1 3700.DAT
1 7 0 -296.5 -31.6 1 0 0 0 1 -0.05 0 0.05 1 3039p05.DAT
1 7 0 -297.5 -11.6 -1 0 0 0 1 0.05 0 0.05 -1 3298.DAT
1 7 0 -314.5 328.4 1 0 0 0 1 -0.05 0 0.05 1 6069.DAT
1 7 -10 -286 79.2 0 0 1 0.05 1 0 -1 0.05 0 4315.DAT
1 7 -10 -290 159.2 0 0 1 0.05 1 0 -1 0.05 0 4315.DAT
1 7 10 -290 159.2 0 0 -1 -0.05 1 0 1 0.05 0 4315.DAT
1 7 10 -286 79.2 0 0 -1 -0.05 1 0 1 0.05 0 4315.DAT
1 7 0 -293.5 229.2 0 0 1 0.05 1 0 -1 0.05 0 3021.DAT
0 Inlined: 1 7 0 -299 339.2 1 0 0 0 1 -0.05 0 0.05 1 gymbal.DAT
0 Name: gymbal.DAT
1 0 0 -296 339.35 0 0 1 0.05 1 0 -1 0.05 0 4459.DAT
1 8 0 -308 358.8 0 0 1 0.05 1 0 -1 0.05 0 2444.DAT
1 8 -10 -316 358.4 0 0 -1 -0.05 1 0 1 0.05 0 4275.DAT
1 8 10 -316 358.4 0 0 -1 -0.05 1 0 1 0.05 0 4275.DAT
1 8 0 -323.5 348 1 0 0 0 1 -0.05 0 0.05 1 321.DAT
1 8 0 -324.5 368 1 0 0 0 1 -0.05 0 0.05 1 3794.DAT
1 42 0 -332.5 367.6 1 0 0 0 1 -0.05 0 0.05 1 296.DAT
0
0 Inlined: 1 7 0 -296.35 406.5 1 0 0 0 0.983 0.211 0 -0.211 0.983 fluke.DAT
0 Name: fluke.DAT
1 7 0 -296.35 406.5 0 0 1 -0.211 0.983 0 -0.983 -0.211 0 4854.DAT
1 7 0 -285.8 455.65 -1 0 0 0 0.983 -0.211 0 -0.211 -0.983 4855.DAT
1 7 0 -284.266 424.472 0 0 1 -0.211 0.983 0 -0.983 -0.211 0 3020.DAT
1 7 0 -287.91 445.82 0 0 1 -0.211 0.983 0 -0.983 -0.211 0 3020.DAT
1 7 0 -293.664 457.338 -1 0 0 0 0.983 -0.211 0 -0.211 -0.983 2625.DAT
1 7 -30 -312.654 368.868 0 0 1 -0.211 0.983 0 -0.983 -0.211 0 3023.DAT
1 7 30 -312.654 368.868 0 0 1 -0.211 0.983 0 -0.983 -0.211 0 3023.DAT
1 7 -140 -309.968 419.706 1 0 0 0 0.983 0.211 0 -0.211 0.983 3585.DAT
1 7 140 -309.968 419.706 1 0 0 0 0.983 0.211 0 -0.211 0.983 3586.DAT
1 7 0 -288.868 518.006 -1 0 0 0 0.983 -0.211 0 -0.211 -0.983 2540.DAT
1 7 0 -299.418 468.856 0 0 1 -0.211 0.983 0 -0.983 -0.211 0 3020.DAT
1 7 -10 -312.078 409.876 0 0 1 -0.211 0.983 0 -0.983 -0.211 0 4276.DAT
1 7 10 -312.078 409.876 0 0 1 -0.211 0.983 0 -0.983 -0.211 0 4276.DAT
1 7 0 -325.12 464.09 -1 0 0 0 0.983 -0.211 0 -0.211 -0.983 6069.DAT
1 7 0 -329.34 444.43 1 0 0 0 0.983 0.211 0 -0.211 0.983 4861.DAT
1 34 240 -307.282 470.544 1 0 0 0 0.983 0.211 0 -0.211 0.983 179.DAT
1 36 -240 -307.282 470.544 1 0 0 0 0.983 0.211 0 -0.211 0.983 179.DAT
0
0 Inlined: 1 7 83.94 -220.98 122.551 0.64 -0.77 0 0.77 0.64 -0.05 0.038 0.032 1 ltailpan.DAT
0 Name: ltailpan.DAT
1 7 109.78 -176.36 104.707 -0.64 -0.77 0 -0.77 0.64 0.05 -0.038 0.032 -1 3934.DAT
1 7 52.42 -240.84 261.923 -0.64 -0.77 0 -0.77 0.64 0.05 -0.038 0.032 -1 3934.DAT
1 7 58.58 -237.96 101.667 0 -0.77 0.64 0.05 0.64 0.77 -1 0.032 0.038 3030.DAT
1 7 90.34 -211.28 82.931 0 -0.77 0.64 0.05 0.64 0.77 -1 0.032 0.038 3034.DAT
1 7 51.94 -257.48 80.651 0 -0.77 -0.64 -0.05 0.64 -0.77 1 0.032 -0.038 4213.DAT
1 7 51.94 -261.48 160.651 0 -0.77 -0.64 -0.05 0.64 -0.77 1 0.032 -0.038 4213.DAT
0
0 Inlined: 1 7 -19.06 -296.98 118.751 0.64 0.77 0 -0.77 0.64 -0.05 -0.038 0.032 1 rtailpan.DAT
0 Name: ltailpan.DAT
1 7 -108.9 -175.36 104.707 -0.64 0.77 0 0.77 0.64 0.05 0.038 0.032 -1 3933.DAT
1 7 -51.54 -239.84 261.923 -0.64 0.77 0 0.77 0.64 0.05 0.038 0.032 -1 3933.DAT
1 7 -57.7 -236.96 101.667 0 0.77 0.64 0.05 0.64 -0.77 -1 0.032 -0.038 3030.DAT
1 7 -89.46 -210.28 82.931 0 0.77 0.64 0.05 0.64 -0.77 -1 0.032 -0.038 3034.DAT
1 7 -51.06 -256.48 80.651 0 0.77 0.64 0.05 0.64 -0.77 -1 0.032 -0.038 4213.DAT
1 7 -51.06 -260.48 160.651 0 0.77 0.64 0.05 0.64 -0.77 -1 0.032 -0.038 4213.DAT
0
0
0 Inlined:  1 7 0 -186 200 -1 0 0 0 0 -1 0 -1 0 loaddoor.DAT
0 Name: loaddoor.DAT
1 7 -40 -186 200 0 0 1 -1 0 0 0 -1 0 3936.DAT
1 7 40 -186 200 0 0 -1 1 0 0 0 -1 0 3935.DAT
1 8 0 -156 208 -1 0 0 0 0 -1 0 -1 0 2540.DAT
1 8 10 -186 216 0 0 1 -1 0 0 0 -1 0 4531.DAT
1 8 -10 -186 216 0 0 1 -1 0 0 0 -1 0 4531.DAT
0
0 Inlined:  1 7 139.72 -192 -140 1 0 0 0 1 0 0 0 1 lstub.DAT
0 Name: lstub.dat
1 7 139.72 -192 -140 1 0 0 0 1 0 0 0 1 3022.DAT
1 7 109.72 -216 -140 1 0 0 0 1 0 0 0 1 3002.DAT
1 7 159.72 -216 -140 1 0 0 0 1 0 0 0 1 3003.DAT
1 7 169.72 -192 -140 0 0 1 0 1 0 -1 0 0 4477.DAT
1 7 169.72 -200 -220 0 0 1 0 1 0 -1 0 0 3023.DAT
1 7 169.72 -184 -220 0 0 1 0 1 0 -1 0 0 3023.DAT
1 7 169.72 -184 -60 0 0 1 0 1 0 -1 0 0 3023.DAT
1 7 169.72 -200 -60 0 0 1 0 1 0 -1 0 0 3023.DAT
1 7 169.72 -184 -140 0 0 1 0 1 0 -1 0 0 3009.DAT
1 7 169.72 -160 -140 0 0 1 0 1 0 -1 0 0 3666.DAT
1 7 169.72 -176 -70 -1 0 0 0 1 0 0 0 -1 100.DAT
1 7 169.72 -224 -70 -1 0 0 0 1 0 0 0 -1 3040.DAT
1 7 169.72 -216 -100 0 0 1 0 1 0 -1 0 0 3004.DAT
1 7 169.72 -216 -180 0 0 1 0 1 0 -1 0 0 3700.DAT
1 7 159.72 -176 -210 1 0 0 0 1 0 0 0 1 3747.DAT
1 7 159.72 -152 -200 1 0 0 0 1 0 0 0 1 2444.DAT
1 0 179.72 -141 -200 1 0 0 0 1 0 0 0 1 4459.DAT
0 Inlined: 1 7 189.72 -122 -160 0 0 -1 -1 0 0 0 1 0 paciii.DAT
0 Name: PACIII.DAT
1 7 189.72 -122 -160 0 0 -1 -1 0 0 0 1 0 2654.DAT
1 7 189.72 -122 -184 0 0 -1 -1 0 0 0 1 0 3941.DAT
1 0 189.72 -122 -216 0 0 1 0 -1 0 1 0 0 3706.DAT
1 7 189.72 -122 -200 0 0 1 0 -1 0 1 0 0 6536.DAT
1 7 189.72 -122 -234 0 0 -1 -1 0 0 0 1 0 3941.DAT
1 7 189.72 -122 -244 0 -1 0 -1 0 0 0 0 -1 4265.DAT
1 7 189.72 -122 -254 0 0 1 -1 0 0 0 -1 0 4032.DAT
1 42 189.72 -122 -288 0 0 -1 -1 0 0 0 1 0 299.DAT
0
1 7 149.72 -184 -240 0 0 1 0 1 0 -1 0 0 321.DAT
1 34 169.72 -184 -250 1 0 0 0 1 0 0 0 1 179.DAT
1 34 169.72 -192 -250 1 0 0 0 1 0 0 0 1 179.DAT
1 34 169.72 -200 -250 1 0 0 0 1 0 0 0 1 179.DAT
1 7 169.72 -224 -210 1 0 0 0 1 0 0 0 1 234.DAT
1 7 169.72 -224 -140 0 0 1 0 1 0 -1 0 0 3666.DAT
1 7 119.72 -224 -150 1 0 0 0 1 0 0 0 1 4315.DAT
1 7 119.72 -224 -130 -1 0 0 0 1 0 0 0 -1 4315.DAT
1 7 119.72 -194 -48 1 0 0 0 0 1 0 -1 0 2582.DAT
1 7 119.72 -184 -40 1 0 0 0 0 1 0 -1 0 3022.DAT
1 7 119.72 -194 -232 -1 0 0 0 0 1 0 1 0 2582.DAT
1 7 119.72 -184 -240 1 0 0 0 0 -1 0 1 0 3022.DAT
1 7 119.72 -194 -272 -1 0 0 0 0 1 0 1 0 2432.DAT
1 7 109.72 -232 -140 1 0 0 0 1 0 0 0 1 3021.DAT
1 7 89.72 -240 -140 1 0 0 0 1 0 0 0 1 3021.DAT
0
0 Inlined:  1 7 -140.28 -192 -140 1 0 0 0 1 0 0 0 1 rstub.DAT
0 Name: lstub.dat
1 7 -140.28 -192 -140 1 0 0 0 1 0 0 0 1 3022.DAT
1 7 -110.28 -216 -140 1 0 0 0 1 0 0 0 1 3002.DAT
1 7 -160.28 -216 -140 1 0 0 0 1 0 0 0 1 3003.DAT
1 7 -170.28 -192 -140 0 0 1 0 1 0 -1 0 0 4477.DAT
1 7 -170.28 -200 -220 0 0 1 0 1 0 -1 0 0 3023.DAT
1 7 -170.28 -184 -220 0 0 1 0 1 0 -1 0 0 3023.DAT
1 7 -170.28 -184 -60 0 0 1 0 1 0 -1 0 0 3023.DAT
1 7 -170.28 -200 -60 0 0 1 0 1 0 -1 0 0 3023.DAT
1 7 -170.28 -184 -140 0 0 1 0 1 0 -1 0 0 3009.DAT
1 7 -170.28 -160 -140 0 0 1 0 1 0 -1 0 0 3666.DAT
1 7 -170.28 -176 -70 -1 0 0 0 1 0 0 0 -1 100.DAT
1 7 -170.28 -224 -70 -1 0 0 0 1 0 0 0 -1 3040.DAT
1 7 -170.28 -216 -100 0 0 1 0 1 0 -1 0 0 3004.DAT
1 7 -170.28 -216 -180 0 0 1 0 1 0 -1 0 0 3700.DAT
1 7 -160.28 -176 -210 1 0 0 0 1 0 0 0 1 3747.DAT
1 7 -160.28 -152 -200 -1 0 0 0 1 0 0 0 -1 2444.DAT
1 0 -180.28 -141 -200 1 0 0 0 1 0 0 0 1 4459.DAT
0 Inlined: 1 7 -190.28 -120 -160 0 0 -1 -1 0 0 0 1 0 paciii.DAT
0 Name: PACIII.DAT
1 7 -190.28 -120 -160 0 0 -1 -1 0 0 0 1 0 2654.DAT
1 7 -190.28 -120 -184 0 0 -1 -1 0 0 0 1 0 3941.DAT
1 0 -190.28 -120 -216 0 0 1 0 -1 0 1 0 0 3706.DAT
1 7 -190.28 -120 -200 0 0 1 0 -1 0 1 0 0 6536.DAT
1 7 -190.28 -120 -234 0 0 -1 -1 0 0 0 1 0 3941.DAT
1 7 -190.28 -120 -244 0 -1 0 -1 0 0 0 0 -1 4265.DAT
1 7 -190.28 -120 -254 0 0 1 -1 0 0 0 -1 0 4032.DAT
1 42 -190.28 -120 -288 0 0 -1 -1 0 0 0 1 0 299.DAT
0
1 7 -150.28 -184 -240 0 0 1 0 1 0 -1 0 0 321.DAT
1 36 -170.28 -184 -250 1 0 0 0 1 0 0 0 1 179.DAT
1 36 -170.28 -192 -250 1 0 0 0 1 0 0 0 1 179.DAT
1 36 -170.28 -200 -250 1 0 0 0 1 0 0 0 1 179.DAT
1 7 -170.28 -224 -210 1 0 0 0 1 0 0 0 1 234.DAT
1 7 -170.28 -224 -140 0 0 1 0 1 0 -1 0 0 3666.DAT
1 7 -120.28 -224 -150 1 0 0 0 1 0 0 0 1 4315.DAT
1 7 -120.28 -224 -130 -1 0 0 0 1 0 0 0 -1 4315.DAT
1 7 -120.28 -194 -48 1 0 0 0 0 1 0 -1 0 2582.DAT
1 7 -120.28 -184 -40 1 0 0 0 0 1 0 -1 0 3022.DAT
1 7 -120.28 -194 -232 -1 0 0 0 0 1 0 1 0 2582.DAT
1 7 -120.28 -184 -240 1 0 0 0 0 -1 0 1 0 3022.DAT
1 7 -120.28 -194 -272 -1 0 0 0 0 1 0 1 0 2432.DAT
1 7 -110.28 -232 -140 1 0 0 0 1 0 0 0 1 3021.DAT
1 7 -90.28 -240 -140 1 0 0 0 1 0 0 0 1 3021.DAT
0
1 7 0 -272 -160 1 0 0 0 1 0 0 0 1 3944.DAT
0 Inlined:  1 7 0 -196 -261 1 0 0 0 0.94 -0.34 0 0.34 0.94 flaps.DAT
0 Name: flaps.DAT
1 7 -80 -161.28 -333.48 1 0 0 0 0.94 -0.34 0 0.34 0.94 3934.DAT
1 7 80 -161.28 -333.48 1 0 0 0 0.94 -0.34 0 0.34 0.94 3933.DAT
1 7 70 -189.2 -279.8 0 0 -1 -0.34 0.94 0 0.94 0.34 0 4276.DAT
1 7 50 -189.2 -279.8 0 0 -1 -0.34 0.94 0 0.94 0.34 0 4276.DAT
1 7 -50 -189.2 -279.8 0 0 -1 -0.34 0.94 0 0.94 0.34 0 4276.DAT
1 7 -70 -189.2 -279.8 0 0 -1 -0.34 0.94 0 0.94 0.34 0 4276.DAT
0
0 Inlined: 1 0 292 -200 -260 1 0 0 0 1 0 0 0 1 rnacelle.DAT
0 Name: lnacelle.dat
1 7 292 -200 -260 1 0 0 0 0 -1 0 1 0 2434.DAT
1 7 292 -190 -212 1 0 0 0 0 -1 0 1 0 3701.DAT
1 7 312 -210 -212 1 0 0 0 0 -1 0 1 0 3004.DAT
1 7 312 -200 -188 0 0 -1 -1 0 0 0 1 0 3003.DAT
1 7 272 -190 -188 1 0 0 0 0 -1 0 1 0 3004.DAT
1 0 272 -200 -202 0 -1 0 1 0 0 0 0 1 4459.DAT
1 7 272 -210 -182 1 0 0 0 0 1 0 -1 0 6536.DAT
1 0 162 -210 -182 1 0 0 0 1 0 0 0 1 3708.DAT
1 7 292 -200 -164 1 0 0 0 0 -1 0 1 0 3022.DAT
1 7 292 -228 -200 1 0 0 0 1 0 0 0 1 3031.DAT
1 7 292 -236 -180 -1 0 0 0 1 0 0 0 -1 3795.DAT
1 7 292 -244 -180 1 0 0 0 1 0 0 0 1 3020.DAT
1 7 292 -252 -180 1 0 0 0 1 0 0 0 1 3020.DAT
1 7 292 -260 -170 -1 0 0 0 1 0 0 0 -1 4315.DAT
1 7 292 -172 -200 1 0 0 0 -1 0 0 0 -1 3031.DAT
1 7 292 -164 -180 -1 0 0 0 -1 0 0 0 1 3020.DAT
1 7 292 -156 -180 1 0 0 0 -1 0 0 0 -1 3020.DAT
1 7 292 -148 -170 1 0 0 0 -1 0 0 0 -1 4315.DAT
1 7 292 -148 -190 1 0 0 0 -1 0 0 0 -1 3710.DAT
1 7 262 -148 -240 0 0 -1 0 -1 0 -1 0 0 2744.DAT
1 7 282 -148 -230 -1 0 0 0 -1 0 0 0 1 157.DAT
1 7 292 -172 -250 -1 0 0 0 -1 0 0 0 1 321.DAT
1 8 292 -158 -268 1 0 0 0 0 -1 0 1 0 2432.DAT
1 7 302 -148 -230 -1 0 0 0 -1 0 0 0 1 157.DAT
1 7 322 -148 -240 0 0 -1 0 -1 0 -1 0 0 2744.DAT
1 7 292 -140 -200 0 0 -1 0 -1 0 -1 0 0 3031.DAT
1 7 262 -252 -240 0 0 1 0 1 0 -1 0 0 2744.DAT
1 7 282 -252 -230 1 0 0 0 1 0 0 0 1 157.DAT
1 7 302 -252 -230 1 0 0 0 1 0 0 0 1 157.DAT
1 7 292 -228 -250 1 0 0 0 1 0 0 0 1 321.DAT
1 8 292 -242 -268 -1 0 0 0 0 1 0 1 0 2432.DAT
1 7 322 -252 -240 0 0 1 0 1 0 -1 0 0 2744.DAT
1 7 312 -260 -210 0 0 1 0 1 0 -1 0 0 3021.DAT
1 7 272 -260 -210 0 0 1 0 1 0 -1 0 0 3021.DAT
1 8 272 -200 -268 1 0 0 0 0 -1 0 1 0 4032.DAT
1 7 272 -200 -276 1 0 0 0 0 -1 0 1 0 179.DAT
1 8 272 -200 -284 1 0 0 0 0 -1 0 1 0 4032.DAT
1 8 312 -200 -268 1 0 0 0 0 -1 0 1 0 4032.DAT
1 7 312 -200 -276 1 0 0 0 0 -1 0 1 0 179.DAT
1 8 312 -200 -284 1 0 0 0 0 -1 0 1 0 4032.DAT
1 7 272 -200 -292 1 0 0 0 0 -1 0 1 0 4150.DAT
1 7 312 -200 -292 1 0 0 0 0 -1 0 1 0 4150.DAT
1 7 342 -228 -180 0 0 1 0 1 0 -1 0 0 3023.DAT
1 7 242 -228 -180 0 0 1 0 1 0 -1 0 0 3023.DAT
1 7 342 -220 -180 0 0 1 0 1 0 -1 0 0 3023.DAT
1 7 342 -212 -180 0 0 1 0 1 0 -1 0 0 3700.DAT
1 7 242 -220 -180 0 0 1 0 1 0 -1 0 0 3700.DAT
1 7 242 -196 -180 0 0 1 0 1 0 -1 0 0 3023.DAT
1 7 342 -188 -180 0 0 1 0 1 0 -1 0 0 3004.DAT
1 7 242 -188 -180 0 0 1 0 1 0 -1 0 0 3004.DAT
1 7 342 -164 -170 -1 0 0 0 1 0 0 0 -1 240.DAT
1 7 242 -164 -190 1 0 0 0 1 0 0 0 1 240.DAT
1 7 242 -164 -170 -1 0 0 0 1 0 0 0 -1 240.DAT
1 7 342 -164 -190 1 0 0 0 1 0 0 0 1 240.DAT
1 7 342 -236 -140 0 0 1 0 1 0 -1 0 0 2362.DAT
1 7 242 -236 -140 0 0 -1 0 1 0 1 0 0 2362.DAT
1 7 242 -236 -220 0 0 -1 0 1 0 1 0 0 2362.DAT
1 7 342 -236 -220 0 0 1 0 1 0 -1 0 0 2362.DAT
1 7 342 -260 -170 -1 0 0 0 1 0 0 0 -1 234.DAT
1 7 242 -260 -190 1 0 0 0 1 0 0 0 1 234.DAT
1 7 242 -260 -170 -1 0 0 0 1 0 0 0 -1 234.DAT
1 7 342 -260 -190 1 0 0 0 1 0 0 0 1 234.DAT
1 7 352 -202 -180 1 0 0 0 1 0 0 0 1 4274.DAT
1 7 368 -202 -180 0 -1 0 -1 0 0 0 0 -1 3960.DAT
1 42 292 -200 -156 1 0 0 0 0 -1 0 1 0 3941.DAT
1 7 292 -200 -132 1 0 0 0 0 -1 0 1 0 2654.DAT
1 42 292 -256 -156 -1 0 0 0 1 0 0 0 -1 2507.DAT
1 42 292 -152 -156 1 0 0 0 -1 0 0 0 -1 2507.DAT
1 7 292 -140 -120 1 0 0 0 -1 0 0 0 -1 4859.DAT
1 7 292 -140 -150 1 0 0 0 -1 0 0 0 -1 3023.DAT
1 7 292 -132 -160 0 0 1 0 -1 0 1 0 0 3020.DAT
1 8 292 -132 -110 -1 0 0 0 -1 0 0 0 1 321.DAT
1 7 292 -268 -180 0 0 1 0 1 0 -1 0 0 3020.DAT
1 7 292 -268 -120 -1 0 0 0 1 0 0 0 -1 4859.DAT
1 7 292 -276 -160 0 0 1 0 1 0 -1 0 0 3020.DAT
1 8 292 -276 -110 1 0 0 0 1 0 0 0 1 321.DAT
1 7 292 -268 -230 1 0 0 0 1 0 0 0 1 321.DAT
1 7 292 -276 -210 1 0 0 0 1 0 0 0 1 321.DAT
1 7 262 -268 -180 0 0 1 0 1 0 -1 0 0 3069.DAT
1 7 322 -268 -180 0 0 1 0 1 0 -1 0 0 3069.DAT
1 7 184 -210 -182 0 1 0 -1 0 0 0 0 1 3942.DAT
1 7 149 -210 -182 0 0 1 0 1 0 -1 0 0 3713.DAT
1 7 129 -210 -182 0 0 1 0 1 0 -1 0 0 3713.DAT
1 7 109 -210 -182 0 0 1 0 1 0 -1 0 0 3713.DAT
1 7 89 -210 -182 0 0 1 0 1 0 -1 0 0 3713.DAT
0
0 Inlined: 1 0 -292 -200 -260 1 0 0 0 1 0 0 0 1 lnacelle.DAT
0 Name: lnacelle.dat
1 7 -292 -200 -260 1 0 0 0 0 -1 0 1 0 2434.DAT
1 7 -292 -190 -212 1 0 0 0 0 -1 0 1 0 3701.DAT
1 7 -312 -210 -212 1 0 0 0 0 -1 0 1 0 3004.DAT
1 7 -312 -200 -188 1 0 0 0 0 -1 0 1 0 3003.DAT
1 7 -272 -190 -188 1 0 0 0 0 -1 0 1 0 3004.DAT
1 0 -272 -200 -202 0 -1 0 1 0 0 0 0 1 4459.DAT
1 7 -272 -210 -182 1 0 0 0 0 1 0 -1 0 6536.DAT
1 0 -162 -210 -182 1 0 0 0 1 0 0 0 1 3708.DAT
1 7 -292 -200 -164 1 0 0 0 0 -1 0 1 0 3022.DAT
1 7 -292 -228 -200 1 0 0 0 1 0 0 0 1 3031.DAT
1 7 -292 -236 -180 -1 0 0 0 1 0 0 0 -1 3795.DAT
1 7 -292 -244 -180 1 0 0 0 1 0 0 0 1 3020.DAT
1 7 -292 -252 -180 1 0 0 0 1 0 0 0 1 3020.DAT
1 7 -292 -260 -170 -1 0 0 0 1 0 0 0 -1 4315.DAT
1 7 -292 -172 -200 1 0 0 0 -1 0 0 0 -1 3031.DAT
1 7 -292 -164 -180 -1 0 0 0 -1 0 0 0 1 3020.DAT
1 7 -292 -156 -180 1 0 0 0 -1 0 0 0 -1 3020.DAT
1 7 -292 -148 -170 1 0 0 0 -1 0 0 0 -1 4315.DAT
1 7 -292 -148 -190 1 0 0 0 -1 0 0 0 -1 3710.DAT
1 7 -322 -148 -240 0 0 -1 0 -1 0 -1 0 0 2744.DAT
1 7 -302 -148 -230 -1 0 0 0 -1 0 0 0 1 157.DAT
1 7 -292 -172 -250 -1 0 0 0 -1 0 0 0 1 321.DAT
1 8 -292 -158 -268 1 0 0 0 0 -1 0 1 0 2432.DAT
1 7 -282 -148 -230 -1 0 0 0 -1 0 0 0 1 157.DAT
1 7 -262 -148 -240 0 0 -1 0 -1 0 -1 0 0 2744.DAT
1 7 -292 -140 -200 0 0 -1 0 -1 0 -1 0 0 3031.DAT
1 7 -322 -252 -240 0 0 1 0 1 0 -1 0 0 2744.DAT
1 7 -302 -252 -230 1 0 0 0 1 0 0 0 1 157.DAT
1 7 -282 -252 -230 1 0 0 0 1 0 0 0 1 157.DAT
1 7 -292 -228 -250 1 0 0 0 1 0 0 0 1 321.DAT
1 8 -292 -242 -268 -1 0 0 0 0 1 0 1 0 2432.DAT
1 7 -262 -252 -240 0 0 1 0 1 0 -1 0 0 2744.DAT
1 7 -272 -260 -210 0 0 1 0 1 0 -1 0 0 3021.DAT
1 7 -312 -260 -210 0 0 1 0 1 0 -1 0 0 3021.DAT
1 8 -312 -200 -268 1 0 0 0 0 -1 0 1 0 4032.DAT
1 7 -312 -200 -276 1 0 0 0 0 -1 0 1 0 179.DAT
1 8 -312 -200 -284 1 0 0 0 0 -1 0 1 0 4032.DAT
1 8 -272 -200 -268 1 0 0 0 0 -1 0 1 0 4032.DAT
1 7 -272 -200 -276 1 0 0 0 0 -1 0 1 0 179.DAT
1 8 -272 -200 -284 1 0 0 0 0 -1 0 1 0 4032.DAT
1 7 -312 -200 -292 1 0 0 0 0 -1 0 1 0 4150.DAT
1 7 -272 -200 -292 1 0 0 0 0 -1 0 1 0 4150.DAT
1 7 -342 -228 -180 0 0 1 0 1 0 -1 0 0 3023.DAT
1 7 -242 -228 -180 0 0 1 0 1 0 -1 0 0 3023.DAT
1 7 -342 -220 -180 0 0 -1 0 1 0 1 0 0 3023.DAT
1 7 -242 -196 -180 0 0 1 0 1 0 -1 0 0 3023.DAT
1 7 -342 -212 -180 0 0 1 0 1 0 -1 0 0 3700.DAT
1 7 -242 -220 -180 0 0 1 0 1 0 -1 0 0 3700.DAT
1 7 -342 -188 -180 0 0 1 0 1 0 -1 0 0 3004.DAT
1 7 -242 -188 -180 0 0 1 0 1 0 -1 0 0 3004.DAT
1 7 -342 -164 -170 -1 0 0 0 1 0 0 0 -1 240.DAT
1 7 -242 -164 -190 1 0 0 0 1 0 0 0 1 240.DAT
1 7 -342 -164 -190 1 0 0 0 1 0 0 0 1 240.DAT
1 7 -242 -164 -170 -1 0 0 0 1 0 0 0 -1 240.DAT
1 7 -342 -236 -140 0 0 -1 0 1 0 1 0 0 2362.DAT
1 7 -242 -236 -140 0 0 1 0 1 0 -1 0 0 2362.DAT
1 7 -342 -236 -220 0 0 -1 0 1 0 1 0 0 2362.DAT
1 7 -242 -236 -220 0 0 1 0 1 0 -1 0 0 2362.DAT
1 7 -342 -260 -170 -1 0 0 0 1 0 0 0 -1 234.DAT
1 7 -242 -260 -170 -1 0 0 0 1 0 0 0 -1 234.DAT
1 7 -242 -260 -190 1 0 0 0 1 0 0 0 1 234.DAT
1 7 -342 -260 -190 1 0 0 0 1 0 0 0 1 234.DAT
1 7 -352 -202 -180 -1 0 0 0 1 0 0 0 -1 4274.DAT
1 7 -368 -202 -180 0 1 0 -1 0 0 0 0 1 3960.DAT
1 42 -292 -200 -156 1 0 0 0 0 -1 0 1 0 3941.DAT
1 7 -292 -200 -132 1 0 0 0 0 -1 0 1 0 2654.DAT
1 42 -292 -256 -156 -1 0 0 0 1 0 0 0 -1 2507.DAT
1 42 -292 -152 -156 1 0 0 0 -1 0 0 0 -1 2507.DAT
1 7 -292 -140 -120 1 0 0 0 -1 0 0 0 -1 4859.DAT
1 7 -292 -140 -150 1 0 0 0 -1 0 0 0 -1 3023.DAT
1 7 -292 -132 -160 0 0 1 0 -1 0 1 0 0 3020.DAT
1 8 -292 -132 -110 -1 0 0 0 -1 0 0 0 1 321.DAT
1 7 -292 -268 -180 0 0 1 0 1 0 -1 0 0 3020.DAT
1 7 -292 -268 -120 -1 0 0 0 1 0 0 0 -1 4859.DAT
1 7 -292 -276 -160 0 0 1 0 1 0 -1 0 0 3020.DAT
1 8 -292 -276 -110 1 0 0 0 1 0 0 0 1 321.DAT
1 7 -292 -268 -230 1 0 0 0 1 0 0 0 1 321.DAT
1 7 -292 -276 -210 1 0 0 0 1 0 0 0 1 321.DAT
1 7 -262 -268 -180 0 0 1 0 1 0 -1 0 0 3069.DAT
1 7 -322 -268 -180 0 0 1 0 1 0 -1 0 0 3069.DAT
1 7 -184 -209 -180 0 -1 0 1 0 0 0 0 1 3942.DAT
1 7 -149 -210 -180 0 0 1 0 1 0 -1 0 0 3713.DAT
1 7 -129 -210 -180 0 0 1 0 1 0 -1 0 0 3713.DAT
1 7 -109 -210 -180 0 0 1 0 1 0 -1 0 0 3713.DAT
1 7 -89 -210 -180 0 0 1 0 1 0 -1 0 0 3713.DAT
0
0
0
0
0
