0 
0 Name: 
0 Author: 
1 1 110.739998 -44.709999 -54.75 0 0 1 1 0 0 0 1 0 3004.DAT
1 1 110.739998 -44.709999 -78.75 0 0 1 1 0 0 0 1 0 3004.DAT
1 1 110.739998 -44.709999 -102.75 0 0 1 1 0 0 0 1 0 3039.DAT
1 1 110.739998 -44.709999 -126.75 0 0 1 1 0 0 0 1 0 3004.DAT
1 1 90.739998 -44.709999 -78.75 0 0 1 1 0 0 0 1 0 3700.DAT
1 7 80.739998 -44.709999 -69.75 -1 0 0 0 0 1 0 1 0 3673.DAT
1 4 110.739998 -44.709999 -134.75 0 0 1 1 0 0 0 1 0 3069b.dat
1 4 110.739998 -44.709999 -134.75 0 0 1 1 0 0 0 1 0 3069b.dat